5
6
9
9
12
12
16
19
19
21
23
30
31
34
35
39
39
43
44
46
50
52
54
55
56
56
59
59
60
62
67
68
72
76
80
84
86
87
94
113
116
116
116
118
119
123
125
127
131
132
135
136
139
140
145
149
154
156
157
157
168
168
180
192
206
207
208
210
212
223
226
227
238
241
244
245
250
252
253
261
265
267
274
275
284
288
294
297
298
300
300
300
302
302
303
303
310
311
312
312
319
323
327
329
330
333
333
334
335
347
348
350
351
353
353
358
367
368
375
375
376
380
384
389
389
393
396
399
400
402
407
407
408
409
413
417
419
426
426
427
429
434
435
440
444
445
445
447
447
451
456
459
466
466
467
471
472
473
474
474
476
478
488
489
495
495
497
497
504
512
519
519
521
524
525
528
533
540
540
544
544
547
551
553
555
557
572
574
575
582
583
584
588
600
600
609
610
616
622
623
631
637
639
647
647
652
670
671
675
676
684
684
687
689
695
703
705
706
710
711
714
715
715
722
726
727
737
738
739
748
749
754
759
759
759
759
761
763
770
771
786
796
797
797
799
801
801
804
805
808
814
819
819
840
843
847
848
858
864
868
873
886
886
887
890
892
902
902
903
904
913
913
920
922
926
926
931
933
940
941
944
945
949
950
950
955
956
962
966
967
971
971
973
973
980
982
982
985
992
994
997
999
1004
1004
1009
1010
1010
1011
1015
1017
1017
1020
1020
1021
1023
1030
1036
1040
1041
1053
1056
1058
1060
1063
1070
1074
1079
1083
1085
1087
1090
1092
1094
1094
1097
1106
1109
1111
1116
1119
1120
1122
1125
1127
1130
1131
1136
1139
1144
1145
1149
1150
1150
1152
1154
1155
1155
1157
1158
1166
1174
1175
1175
1176
1180
1184
1185
1186
1188
1189
1190
1200
1204
1213
1216
1227
1229
1235
1237
1249
1250
1254
1258
1260
1261
1261
1270
1270
1272
1274
1275
1276
1279
1280
1283
1284
1289
1297
1303
1304
1308
1311
1314
1326
1329
1333
1335
1337
1344
1359
1362
1367
1367
1367
1367
1368
1373
1374
1375
1381
1381
1385
1386
1390
1397
1399
1399
1399
1399
1402
1404
1404
1405
1406
1410
1414
1415
1420
1424
1427
1427
1434
1436
1437
1440
1444
1448
1451
1453
1456
1457
1458
1458
1461
1464
1464
1465
1469
1470
1472
1473
1487
1489
1490
1497
1499
1504
1505
1507
1508
1512
1514
1516
1518
1522
1525
1533
1544
1548
1552
1553
1554
1557
1559
1566
1567
1568
1570
1573
1580
1583
1583
1584
1591
1592
1596
1604
1608
1612
1613
1631
1631
1636
1640
1643
1643
1644
1646
1648
1648
1649
1649
1654
1655
1658
1662
1662
1663
1670
1673
1674
1677
1680
1682
1684
1691
1696
1698
1700
1705
1710
1712
1716
1720
1721
1721
1722
1724
1726
1727
1728
1734
1739
1744
1751
1755
1756
1756
1758
1759
1762
1762
1771
1775
1783
1789
1789
1790
1793
1798
1802
1813
1820
1821
1822
1823
1830
1830
1832
1834
1840
1841
1847
1848
1849
1851
1852
1852
1852
1862
1866
1872
1873
1876
1897
1900
1901
1904
1908
1915
1927
1932
1934
1940
1942
1943
1944
1944
1947
1953
1954
1959
1960
1967
1967
1972
1974
1979
1980
1983
1991
1997
1997
1997
1998
2000
2000
2003
2011
2015
2017
2018
2024
2026
2027
2029
2029
2031
2032
2034
2039
2041
2043
2047
2049
2051
2054
2054
2054
2054
2056
2061
2063
2064
2073
2081
2082
2085
2092
2092
2093
2093
2097
2098
2100
2101
2103
2104
2110
2111
2112
2114
2122
2126
2129
2130
2132
2134
2135
2140
2142
2144
2149
2150
2151
2152
2158
2160
2163
2166
2175
2177
2178
2179
2191
2191
2196
2197
2198
2198
2200
2202
2203
2203
2205
2205
2205
2213
2217
2219
2221
2223
2223
2229
2231
2232
2243
2246
2250
2256
2257
2259
2260
2263
2265
2269
2275
2287
2287
2288
2289
2291
2291
2292
2297
2297
2301
2310
2311
2314
2323
2328
2332
2334
2340
2343
2345
2347
2350
2350
2357
2359
2360
2361
2362
2362
2362
2371
2379
2384
2391
2392
2393
2396
2397
2399
2412
2412
2415
2423
2424
2431
2432
2439
2442
2442
2449
2456
2460
2463
2471
2471
2472
2480
2483
2486
2488
2488
2489
2490
2496
2499
2499
2507
2512
2518
2537
2538
2543
2544
2544
2547
2551
2552
2552
2554
2555
2557
2560
2564
2565
2568
2571
2578
2581
2584
2589
2592
2596
2599
2602
2606
2607
2607
2608
2611
2614
2615
2617
2633
2634
2634
2636
2639
2639
2648
2649
2649
2656
2660
2662
2663
2663
2664
2666
2667
2670
2676
2680
2681
2681
2683
2683
2683
2687
2688
2689
2691
2694
2699
2701
2704
2705
2707
2707
2708
2711
2714
2723
2725
2729
2744
2744
2747
2752
2754
2772
2772
2773
2779
2779
2785
2786
2787
2789
2791
2801
2804
2805
2805
2807
2810
2815
2819
2822
2822
2824
2833
2847
2849
2852
2857
2862
2866
2870
2872
2873
2875
2882
2886
2890
2893
2894
2894
2895
2895
2896
2901
2901
2902
2903
2909
2910
2918
2920
2935
2937
2943
2945
2951
2951
2956
2958
2962
2968
2969
2972
2974
2976
2977
2980
2981
2982
2982
2983
2983
2986
2990
2992
3005
3005
3013
3017
3019
3028
3029
3029
3035
3041
3043
3043
3043
3044
3044
3051
3052
3053
3057
3057
3063
3067
3067
3072
3075
3078
3081
3081
3086
3097
3101
3106
3108
3109
3112
3112
3113
3124
3124
3125
3127
3131
3131
3133
3134
3137
3138
3140
3159
3165
3167
3168
3179
3179
3182
3190
3190
3196
3198
3198
3198
3203
3210
3218
3220
3221
3222
3223
3233
3239
3241
3242
3252
3258
3267
3270
3273
3273
3274
3276
3279
3280
3280
3281
3286
3298
3303
3305
3305
3314
3314
3318
3319
3322
3327
3329
3331
3334
3340
3342
3344
3347
3348
3349
3361
3369
3382
3384
3385
3393
3393
3396
3398
3404
3415
3416
3418
3419
3420
3421
3427
3444
3446
3447
3451
3453
3458
3462
3462
3462
3464
3465
3470
3472
3472
3478
3481
3496
3500
3505
3513
3516
3519
3530
3532
3537
3539
3545
3548
3548
3560
3560
3572
3574
3574
3578
3589
3590
3590
3591
3599
3599
3607
3609
3612
3615
3615
3622
3623
3630
3636
3638
3646
3655
3659
3663
3664
3666
3668
3676
3678
3682
3683
3689
3692
3712
3712
3718
3726
3726
3734
3739
3742
3745
3749
3755
3758
3759
3765
3766
3768
3772
3783
3785
3787
3788
3789
3790
3790
3792
3796
3797
3798
3804
3809
3810
3818
3819
3820
3820
3822
3824
3825
3829
3830
3830
3832
3840
3841
3844
3844
3850
3855
3858
3860
3871
3872
3884
3886
3888
3891
3892
3893
3898
3899
3901
3907
3907
3908
3915
3917
3920
3926
3930
3938
3939
3940
3942
3944
3951
3954
3954
3963
3964
3964
3964
3965
3967
3970
3976
3982
3983
3984
3989
3991
3996
4003
4005
4006
4007
4007
4017
4018
4025
4030
4033
4037
4039
4040
4040
4041
4042
4047
4052
4054
4055
4056
4065
4070
4071
4071
4079
4093
4095
4106
4106
4109
4110
4115
4115
4118
4118
4124
4128
4134
4134
4140
4147
4155
4158
4160
4162
4162
4163
4170
4173
4177
4179
4180
4184
4184
4187
4187
4190
4191
4191
4192
4197
4197
4198
4201
4204
4209
4216
4217
4219
4222
4231
4233
4235
4237
4240
4241
4244
4245
4253
4254
4256
4256
4257
4257
4259
4259
4260
4263
4265
4267
4269
4270
4270
4271
4277
4278
4281
4285
4285
4286
4291
4297
4297
4298
4301
4301
4304
4305
4305
4305
4310
4311
4315
4319
4319
4321
4322
4332
4339
4347
4352
4356
4359
4363
4367
4372
4379
4380
4382
4383
4385
4387
4389
4392
4393
4402
4404
4407
4410
4411
4415
4417
4417
4418
4420
4422
4425
4430
4444
4447
4452
4457
4457
4460
4460
4478
4479
4482
4486
4487
4492
4502
4503
4506
4508
4511
4513
4514
4516
4516
4519
4519
4527
4527
4528
4530
4536
4539
4539
4540
4551
4562
4566
4566
4568
4569
4570
4571
4581
4582
4585
4588
4589
4598
4598
4599
4602
4602
4605
4611
4615
4619
4626
4640
4643
4646
4646
4663
4667
4670
4670
4673
4676
4678
4679
4683
4684
4685
4685
4688
4689
4690
4698
4698
4721
4721
4722
4726
4734
4735
4737
4739
4746
4751
4751
4757
4757
4758
4762
4764
4767
4768
4775
4780
4781
4784
4788
4789
4790
4791
4793
4795
4800
4801
4805
4810
4819
4821
4831
4840
4845
4854
4859
4867
4869
4871
4871
4872
4873
4881
4881
4883
4884
4884
4889
4890
4891
4893
4895
4902
4910
4913
4916
4931
4938
4939
4949
4950
4953
4961
4962
4965
4972
4974
4976
4979
4989
4996
4996
4997
5004
5008
5013
5018
5019
5019
5029
5031
5034
5036
5036
5037
5041
5042
5048
5065
5067
5071
5074
5076
5077
5083
5086
5089
5089
5090
5091
5095
5096
5096
5104
5112
5118
5121
5123
5124
5125
5127
5131
5132
5142
5144
5149
5150
5155
5156
5156
5157
5158
5177
5177
5181
5181
5181
5183
5184
5187
5190
5190
5195
5197
5197
5203
5207
5208
5208
5214
5218
5219
5219
5219
5220
5223
5232
5251
5255
5256
5260
5265
5266
5266
5267
5271
5271
5295
5296
5299
5305
5306
5314
5316
5318
5320
5321
5321
5327
5329
5335
5338
5339
5340
5341
5342
5346
5347
5348
5348
5349
5353
5355
5355
5360
5377
5387
5392
5397
5403
5406
5406
5406
5407
5407
5407
5415
5415
5421
5423
5424
5424
5431
5437
5440
5440
5445
5446
5447
5448
5451
5457
5458
5460
5460
5469
5476
5486
5499
5502
5504
5508
5512
5523
5526
5529
5531
5533
5533
5545
5547
5549
5550
5563
5566
5567
5569
5571
5573
5575
5575
5576
5599
5600
5601
5602
5607
5608
5609
5610
5611
5623
5627
5632
5633
5635
5637
5641
5644
5644
5646
5657
5659
5663
5671
5673
5674
5689
5692
5693
5694
5696
5697
5705
5705
5706
5717
5720
5723
5728
5729
5729
5743
5761
5765
5772
5773
5776
5778
5783
5785
5786
5786
5787
5789
5801
5803
5804
5806
5811
5811
5813
5813
5815
5820
5823
5825
5825
5828
5828
5828
5829
5830
5832
5834
5842
5843
5844
5846
5848
5848
5849
5851
5852
5852
5855
5860
5862
5870
5870
5872
5875
5875
5880
5882
5885
5888
5891
5892
5892
5897
5900
5901
5905
5913
5915
5923
5924
5926
5926
5929
5929
5930
5930
5934
5934
5943
5944
5949
5949
5950
5954
5959
5959
5962
5963
5972
5973
5975
5982
5992
5994
5998
5998
5999
6000
6005
6008
6013
6014
6016
6020
6026
6031
6040
6043
6046
6047
6064
6066
6074
6080
6082
6089
6090
6094
6098
6098
6107
6111
6116
6118
6118
6119
6128
6131
6132
6141
6142
6143
6148
6152
6155
6157
6158
6159
6159
6159
6176
6180
6182
6183
6185
6189
6190
6190
6196
6197
6200
6200
6202
6203
6204
6204
6205
6207
6210
6212
6212
6214
6215
6215
6226
6228
6230
6234
6234
6239
6240
6240
6244
6245
6248
6250
6256
6258
6262
6267
6269
6284
6285
6296
6315
6332
6334
6335
6337
6341
6342
6343
6346
6356
6358
6358
6359
6368
6369
6370
6370
6375
6376
6381
6383
6383
6393
6399
6399
6401
6405
6410
6410
6410
6414
6417
6418
6421
6426
6428
6437
6438
6440
6448
6448
6451
6453
6453
6453
6454
6468
6470
6470
6472
6476
6476
6479
6480
6487
6490
6491
6495
6498
6502
6502
6511
6513
6514
6514
6514
6521
6525
6529
6531
6533
6536
6538
6548
6548
6549
6549
6550
6554
6558
6561
6564
6569
6571
6584
6585
6587
6589
6598
6598
6600
6602
6606
6608
6610
6611
6611
6612
6615
6615
6619
6621
6628
6630
6631
6633
6635
6643
6643
6644
6645
6648
6651
6653
6653
6655
6655
6655
6658
6666
6667
6668
6669
6670
6674
6680
6681
6683
6685
6685
6687
6690
6696
6697
6699
6702
6702
6707
6717
6717
6718
6718
6726
6727
6731
6732
6743
6745
6747
6747
6751
6751
6753
6756
6758
6760
6768
6768
6768
6770
6772
6776
6779
6787
6788
6789
6790
6792
6793
6794
6799
6800
6804
6806
6809
6813
6813
6815
6817
6817
6818
6827
6828
6829
6830
6832
6837
6837
6838
6838
6847
6850
6856
6857
6858
6860
6867
6870
6876
6876
6883
6884
6885
6886
6888
6898
6901
6905
6906
6908
6914
6914
6915
6918
6921
6921
6921
6927
6928
6930
6934
6936
6938
6948
6950
6954
6956
6956
6958
6961
6964
6974
6976
6976
6977
6980
6984
6994
6995
7004
7009
7010
7017
7021
7023
7023
7027
7027
7027
7027
7033
7040
7041
7041
7043
7043
7053
7053
7063
7064
7064
7067
7067
7073
7074
7075
7079
7082
7085
7095
7099
7102
7104
7106
7108
7112
7116
7118
7126
7127
7131
7133
7134
7138
7145
7151
7156
7158
7163
7170
7171
7172
7175
7177
7179
7180
7182
7183
7183
7189
7190
7191
7195
7199
7203
7205
7208
7210
7213
7216
7217
7218
7221
7225
7227
7228
7229
7229
7230
7241
7245
7249
7252
7259
7259
7268
7270
7274
7282
7286
7286
7291
7293
7293
7294
7301
7304
7307
7311
7311
7319
7320
7323
7324
7325
7325
7334
7335
7339
7339
7354
7355
7367
7369
7378
7381
7384
7387
7406
7408
7411
7419
7425
7426
7431
7435
7442
7445
7453
7460
7467
7467
7474
7483
7487
7488
7488
7490
7490
7490
7491
7492
7493
7502
7502
7503
7506
7507
7508
7509
7513
7517
7518
7521
7525
7526
7533
7536
7538
7538
7540
7546
7551
7553
7554
7558
7559
7563
7566
7569
7571
7578
7580
7583
7583
7585
7590
7598
7598
7599
7599
7603
7605
7605
7617
7624
7624
7626
7632
7637
7638
7643
7645
7651
7652
7653
7655
7672
7672
7672
7673
7677
7680
7681
7685
7687
7691
7693
7693
7698
7708
7710
7713
7721
7721
7725
7725
7727
7728
7732
7735
7737
7740
7749
7752
7754
7758
7759
7763
7766
7770
7773
7774
7775
7779
7779
7785
7798
7801
7804
7804
7808
7810
7822
7823
7826
7830
7832
7832
7835
7835
7836
7845
7846
7850
7854
7856
7860
7860
7862
7865
7868
7872
7874
7875
7876
7876
7877
7888
7888
7894
7895
7896
7902
7906
7906
7906
7912
7914
7916
7917
7917
7918
7923
7924
7924
7926
7930
7937
7946
7948
7956
7957
7958
7963
7964
7964
7971
7972
7974
7975
7976
7979
7987
7987
7994
7998
8001
8003
8006
8014
8016
8017
8018
8021
8028
8028
8029
8033
8033
8035
8036
8037
8043
8044
8046
8049
8055
8059
8064
8065
8066
8067
8067
8073
8074
8074
8079
8082
8088
8089
8099
8100
8102
8103
8112
8114
8115
8118
8119
8124
8126
8127
8129
8131
8134
8137
8141
8144
8149
8149
8149
8153
8155
8164
8178
8189
8193
8194
8195
8198
8201
8201
8202
8202
8209
8211
8213
8218
8223
8224
8227
8227
8230
8232
8234
8235
8236
8237
8239
8239
8240
8245
8251
8251
8259
8264
8268
8277
8278
8286
8286
8287
8302
8303
8304
8310
8310
8314
8318
8318
8319
8320
8322
8329
8331
8332
8339
8344
8344
8344
8353
8355
8361
8364
8364
8366
8370
8377
8380
8384
8394
8395
8408
8410
8410
8411
8414
8416
8417
8420
8421
8424
8428
8429
8435
8436
8438
8444
8451
8454
8459
8461
8461
8470
8475
8479
8480
8482
8485
8487
8489
8489
8491
8495
8499
8502
8505
8514
8517
8518
8523
8528
8529
8532
8536
8540
8540
8542
8542
8547
8549
8550
8554
8558
8560
8561
8563
8570
8577
8580
8580
8584
8591
8596
8601
8603
8609
8618
8619
8620
8621
8622
8622
8633
8635
8644
8648
8651
8654
8654
8658
8658
8662
8664
8669
8673
8675
8676
8677
8678
8679
8686
8693
8697
8704
8704
8705
8706
8713
8721
8728
8734
8738
8738
8741
8744
8748
8753
8768
8770
8771
8778
8783
8786
8791
8796
8798
8805
8805
8806
8807
8808
8810
8817
8818
8821
8821
8828
8835
8836
8847
8874
8880
8888
8889
8892
8893
8894
8897
8897
8901
8902
8904
8914
8914
8915
8920
8922
8926
8934
8952
8952
8952
8957
8960
8961
8967
8970
8971
8975
8987
8990
8990
8995
9001
9005
9006
9015
9017
9018
9021
9024
9026
9027
9031
9033
9041
9042
9050
9051
9057
9064
9066
9068
9077
9078
9082
9086
9087
9096
9097
9099
9100
9101
9107
9108
9109
9115
9116
9118
9123
9126
9133
9135
9137
9137
9138
9139
9141
9143
9145
9149
9149
9152
9155
9157
9158
9161
9161
9163
9164
9164
9169
9172
9177
9178
9181
9182
9192
9201
9201
9205
9210
9210
9210
9211
9212
9218
9219
9221
9224
9227
9233
9233
9237
9239
9242
9254
9257
9265
9268
9269
9275
9280
9286
9286
9287
9289
9292
9293
9295
9297
9300
9300
9301
9301
9301
9304
9309
9311
9312
9315
9317
9318
9321
9323
9325
9327
9330
9331
9334
9336
9341
9350
9359
9361
9363
9365
9368
9370
9375
9380
9380
9381
9385
9386
9390
9404
9405
9408
9414
9416
9425
9426
9426
9430
9437
9441
9442
9442
9443
9449
9451
9452
9454
9454
9455
9457
9459
9460
9460
9466
9469
9469
9470
9477
9479
9479
9484
9485
9486
9498
9500
9501
9506
9508
9508
9510
9511
9512
9523
9528
9530
9532
9537
9538
9541
9546
9546
9551
9553
9554
9557
9557
9558
9562
9567
9570
9571
9574
9575
9580
9588
9596
9603
9605
9606
9611
9612
9614
9615
9617
9617
9619
9620
9621
9626
9627
9627
9629
9632
9636
9636
9641
9645
9647
9651
9652
9654
9655
9655
9657
9658
9665
9676
9681
9682
9686
9687
9687
9688
9691
9693
9694
9696
9702
9707
9709
9710
9714
9725
9728
9730
9732
9736
9737
9752
9755
9756
9770
9771
9775
9780
9782
9783
9784
9787
9805
9807
9808
9814
9820
9835
9836
9838
9838
9838
9844
9855
9862
9868
9871
9876
9886
9886
9886
9888
9889
9891
9902
9907
9913
9923
9926
9930
9931
9938
9941
9942
9950
9952
9953
9955
9956
9963
9979
9984
9984
9989
9991
9993
9996
9999
10000
10001
10011
10011
10018
10031
10038
10041
10045
10048
10053
10057
10067
10067
10073
10085
10089
10093
10095
10103
10104
10106
10107
10108
10109
10110
10112
10115
10130
10137
10138
10139
10141
10147
10148
10149
10154
10156
10158
10161
10166
10172
10179
10182
10185
10189
10190
10200
10201
10212
10215
10224
10228
10231
10234
10235
10237
10238
10240
10245
10247
10247
10249
10255
10257
10264
10265
10268
10283
10285
10285
10286
10288
10290
10292
10294
10302
10310
10318
10323
10327
10329
10330
10339
10340
10341
10343
10345
10346
10348
10348
10349
10349
10351
10368
10370
10371
10378
10383
10390
10391
10399
10399
10399
10400
10400
10405
10405
10405
10406
10407
10408
10409
10410
10418
10419
10421
10428
10431
10432
10437
10443
10444
10444
10449
10453
10455
10455
10455
10464
10470
10471
10475
10477
10478
10484
10485
10486
10492
10495
10496
10496
10498
10500
10501
10501
10507
10509
10511
10515
10517
10518
10518
10525
10527
10528
10529
10535
10537
10548
10551
10552
10554
10559
10560
10561
10563
10567
10573
10576
10582
10582
10585
10586
10587
10588
10593
10595
10598
10600
10602
10602
10605
10605
10606
10611
10613
10614
10614
10615
10615
10619
10621
10627
10628
10629
10632
10635
10637
10640
10641
10644
10667
10668
10670
10674
10676
10678
10679
10680
10681
10681
10692
10693
10702
10703
10705
10706
10707
10712
10712
10714
10721
10722
10722
10723
10728
10730
10731
10732
10734
10735
10737
10737
10739
10751
10755
10767
10771
10772
10776
10779
10783
10783
10784
10787
10788
10791
10794
10797
10804
10814
10815
10823
10830
10831
10835
10835
10841
10842
10845
10849
10849
10855
10857
10859
10860
10863
10864
10866
10867
10880
10880
10883
10885
10900
10903
10908
10909
10910
10914
10916
10917
10917
10918
10918
10921
10926
10929
10932
10933
10934
10940
10940
10942
10946
10961
10962
10975
10976
10978
10978
10979
10982
10983
10986
10986
10987
10987
10994
10997
11001
11002
11004
11008
11009
11011
11016
11020
11024
11033
11041
11041
11049
11054
11054
11056
11056
11060
11060
11060
11062
11070
11077
11080
11080
11083
11085
11087
11090
11092
11093
11093
11094
11095
11099
11113
11113
11114
11115
11116
11118
11123
11129
11130
11130
11131
11139
11142
11143
11145
11146
11147
11149
11156
11157
11160
11161
11165
11173
11174
11175
11187
11190
11192
11196
11201
11202
11206
11206
11210
11211
11218
11218
11221
11224
11224
11229
11230
11232
11234
11238
11240
11248
11252
11256
11259
11263
11264
11268
11270
11272
11273
11274
11280
11284
11291
11294
11296
11302
11304
11304
11305
11306
11310
11311
11311
11316
11321
11325
11327
11328
11329
11342
11345
11352
11354
11357
11364
11366
11373
11376
11394
11395
11399
11408
11417
11420
11420
11421
11421
11422
11427
11435
11438
11440
11440
11443
11445
11446
11450
11452
11459
11461
11466
11469
11470
11473
11477
11484
11484
11488
11492
11494
11494
11498
11505
11509
11516
11519
11523
11525
11531
11541
11542
11549
11550
11566
11571
11576
11577
11578
11578
11580
11581
11581
11582
11584
11587
11587
11587
11588
11590
11592
11599
11602
11602
11603
11605
11606
11618
11620
11625
11634
11635
11636
11638
11648
11650
11653
11661
11665
11665
11666
11673
11675
11679
11680
11683
11684
11687
11689
11690
11693
11699
11701
11711
11726
11727
11730
11733
11739
11747
11751
11753
11754
11757
11759
11768
11768
11768
11769
11770
11772
11774
11776
11782
11785
11788
11791
11797
11800
11803
11803
11813
11815
11820
11823
11830
11833
11833
11834
11836
11840
11850
11855
11863
11863
11864
11864
11867
11875
11879
11882
11884
11884
11886
11887
11888
11889
11899
11899
11901
11906
11906
11907
11909
11911
11916
11917
11919
11919
11920
11921
11923
11933
11936
11940
11947
11948
11952
11955
11957
11957
11962
11963
11965
11969
11972
11975
11978
11986
11987
11988
11989
11992
11995
11998
12000
12007
12009
12009
12010
12013
12020
12024
12027
12029
12035
12042
12044
12044
12051
12063
12066
12067
12069
12076
12077
12082
12083
12085
12087
12089
12093
12093
12096
12100
12105
12109
12111
12113
12116
12121
12134
12140
12142
12144
12148
12149
12149
12150
12150
12151
12153
12157
12158
12160
12164
12164
12178
12179
12179
12184
12186
12194
12194
12195
12196
12197
12198
12204
12205
12205
12208
12208
12210
12211
12212
12218
12223
12231
12238
12240
12244
12246
12247
12249
12250
12250
12258
12262
12268
12269
12273
12282
12285
12295
12296
12302
12304
12304
12304
12311
12312
12315
12315
12317
12325
12327
12342
12351
12354
12356
12356
12362
12363
12363
12364
12375
12386
12387
12391
12392
12392
12394
12395
12396
12396
12398
12411
12413
12416
12420
12421
12422
12425
12427
12430
12447
12449
12449
12452
12454
12460
12462
12469
12471
12490
12490
12491
12497
12499
12504
12505
12507
12508
12522
12523
12528
12530
12534
12535
12543
12548
12554
12555
12566
12569
12569
12573
12573
12577
12583
12586
12587
12589
12591
12595
12610
12613
12621
12621
12624
12629
12631
12631
12639
12646
12647
12648
12649
12656
12658
12658
12659
12661
12666
12671
12674
12675
12680
12682
12683
12687
12692
12692
12700
12708
12711
12713
12714
12720
12721
12721
12721
12724
12724
12729
12730
12734
12736
12737
12749
12754
12757
12759
12760
12763
12766
12767
12769
12778
12780
12784
12791
12793
12794
12796
12797
12799
12801
12801
12802
12803
12806
12808
12808
12816
12818
12819
12822
12824
12826
12829
12836
12836
12838
12846
12847
12850
12850
12850
12869
12876
12877
12879
12879
12888
12888
12890
12893
12902
12905
12908
12911
12914
12920
12921
12925
12927
12928
12928
12929
12931
12932
12935
12937
12939
12941
12942
12942
12945
12946
12949
12953
12954
12955
12957
12960
12963
12968
12970
12972
12973
12973
12974
12977
12977
12982
12990
12991
13005
13008
13012
13016
13023
13027
13032
13033
13035
13044
13052
13053
13056
13057
13057
13062
13063
13064
13069
13080
13086
13088
13088
13089
13098
13101
13102
13103
13104
13109
13118
13119
13127
13128
13134
13138
13139
13145
13158
13159
13160
13160
13163
13163
13165
13167
13168
13169
13170
13171
13176
13181
13181
13192
13193
13197
13198
13199
13199
13202
13207
13207
13208
13209
13211
13213
13215
13219
13221
13223
13228
13235
13235
13235
13244
13254
13261
13263
13263
13265
13266
13267
13268
13273
13274
13276
13288
13290
13290
13295
13296
13298
13301
13303
13303
13304
13308
13320
13321
13326
13326
13330
13333
13338
13338
13346
13351
13353
13357
13359
13360
13361
13363
13364
13368
13370
13377
13386
13386
13387
13390
13397
13398
13402
13407
13411
13412
13415
13422
13424
13426
13427
13434
13436
13454
13458
13462
13464
13467
13470
13472
13472
13483
13491
13496
13497
13500
13503
13512
13520
13526
13527
13528
13533
13533
13538
13539
13540
13542
13552
13562
13562
13566
13568
13574
13575
13580
13586
13586
13588
13590
13591
13592
13593
13595
13602
13606
13608
13610
13615
13615
13616
13618
13618
13621
13624
13631
13648
13648
13648
13650
13662
13671
13674
13675
13683
13686
13686
13691
13696
13699
13702
13712
13726
13739
13756
13756
13758
13760
13768
13769
13772
13776
13778
13780
13781
13786
13787
13790
13790
13804
13806
13808
13810
13820
13825
13827
13829
13831
13831
13834
13835
13836
13836
13840
13840
13855
13858
13859
13866
13866
13872
13876
13883
13884
13885
13891
13904
13904
13908
13908
13912
13917
13924
13925
13925
13928
13932
13932
13935
13939
13939
13940
13942
13947
13951
13953
13961
13963
13964
13965
13974
13977
13979
13985
13989
13993
13993
13996
13998
14001
14004
14005
14008
14011
14013
14019
14022
14022
14023
14026
14026
14027
14032
14035
14035
14037
14039
14042
14044
14059
14059
14060
14060
14062
14068
14072
14072
14074
14077
14080
14081
14084
14084
14085
14085
14092
14094
14095
14100
14104
14109
14112
14113
14115
14116
14119
14120
14121
14122
14132
14138
14139
14141
14144
14144
14146
14150
14156
14161
14162
14166
14170
14175
14178
14180
14185
14191
14195
14204
14205
14206
14207
14208
14211
14217
14227
14232
14234
14234
14236
14240
14240
14243
14243
14244
14249
14250
14253
14259
14263
14266
14276
14276
14279
14279
14281
14284
14284
14285
14290
14295
14295
14297
14301
14302
14306
14306
14308
14310
14312
14313
14316
14316
14319
14319
14321
14322
14322
14322
14325
14329
14330
14337
14337
14340
14341
14342
14342
14344
14345
14357
14359
14371
14379
14385
14397
14398
14401
14406
14409
14415
14417
14427
14427
14427
14430
14440
14441
14450
14453
14458
14465
14471
14472
14472
14473
14483
14483
14488
14491
14492
14492
14505
14511
14512
14513
14516
14516
14517
14521
14521
14527
14531
14535
14536
14542
14545
14545
14548
14548
14551
14554
14561
14563
14564
14568
14569
14573
14577
14580
14580
14585
14594
14598
14598
14604
14606
14607
14607
14609
14613
14620
14621
14624
14626
14626
14638
14642
14650
14655
14662
14663
14663
14663
14669
14670
14672
14674
14675
14680
14685
14685
14687
14689
14698
14704
14705
14706
14707
14711
14711
14718
14719
14720
14731
14739
14739
14745
14746
14749
14750
14754
14759
14762
14764
14765
14766
14774
14776
14777
14777
14781
14792
14793
14798
14799
14800
14801
14805
14813
14814
14816
14816
14818
14823
14827
14828
14832
14836
14836
14837
14838
14840
14841
14844
14851
14852
14853
14860
14864
14865
14866
14866
14868
14869
14871
14872
14874
14884
14890
14891
14894
14901
14906
14908
14911
14913
14919
14919
14919
14921
14921
14923
14925
14926
14927
14929
14936
14936
14940
14945
14949
14951
14951
14954
14954
14957
14960
14963
14963
14966
14968
14969
14974
14980
14984
14984
14990
14998
15001
15001
15001
15002
15003
15005
15005
15013
15014
15017
15018
15019
15023
15031
15035
15036
15039
15051
15053
15053
15058
15059
15061
15064
15070
15075
15077
15081
15085
15085
15092
15097
15097
15098
15103
15105
15111
15117
15118
15119
15124
15124
15130
15130
15132
15132
15132
15134
15135
15140
15148
15151
15153
15164
15168
15174
15176
15190
15199
15200
15206
15208
15210
15211
15212
15216
15217
15219
15220
15223
15223
15224
15224
15225
15228
15228
15236
15239
15240
15240
15246
15255
15263
15266
15282
15284
15290
15296
15296
15304
15308
15308
15310
15311
15312
15313
15313
15315
15316
15316
15317
15318
15318
15321
15323
15332
15333
15340
15340
15340
15344
15346
15347
15348
15350
15353
15354
15355
15356
15357
15359
15362
15367
15368
15378
15389
15391
15391
15395
15399
15403
15404
15404
15408
15409
15410
15432
15436
15440
15440
15443
15446
15446
15447
15448
15452
15464
15466
15471
15472
15474
15475
15477
15481
15481
15482
15486
15487
15492
15494
15504
15512
15516
15526
15527
15531
15538
15541
15544
15545
15546
15547
15554
15555
15555
15555
15559
15560
15564
15566
15569
15574
15575
15577
15579
15580
15583
15586
15590
15590
15601
15603
15605
15605
15609
15614
15617
15618
15629
15636
15638
15638
15646
15649
15649
15652
15661
15661
15672
15686
15688
15691
15694
15694
15699
15699
15704
15707
15709
15712
15715
15716
15721
15723
15734
15737
15737
15737
15746
15759
15759
15764
15765
15766
15768
15768
15772
15774
15774
15777
15778
15782
15782
15784
15788
15789
15791
15797
15801
15801
15801
15802
15808
15809
15813
15817
15825
15825
15826
15830
15833
15835
15836
15836
15838
15844
15847
15851
15851
15853
15854
15855
15859
15866
15877
15878
15880
15881
15884
15886
15888
15889
15892
15892
15894
15898
15903
15903
15905
15906
15908
15915
15917
15925
15935
15936
15943
15949
15951
15952
15954
15957
15958
15960
15960
15962
15964
15965
15968
15969
15970
15970
15974
15980
15982
15985
15987
15989
15989
15992
15994
15996
15997
15998
15999
15999
16000
16005
16009
16010
16013
16028
16031
16035
16036
16037
16037
16038
16038
16039
16045
16047
16052
16054
16056
16059
16061
16067
16071
16075
16080
16082
16082
16084
16093
16101
16103
16113
16113
16124
16126
16126
16128
16130
16137
16140
16142
16145
16150
16153
16154
16156
16165
16167
16168
16179
16180
16181
16183
16183
16185
16188
16193
16197
16198
16198
16200
16201
16213
16215
16218
16219
16219
16223
16223
16226
16227
16232
16240
16256
16257
16258
16262
16263
16265
16267
16267
16268
16269
16269
16270
16271
16276
16277
16282
16282
16286
16287
16289
16296
16301
16302
16304
16311
16314
16315
16315
16315
16317
16318
16318
16320
16320
16323
16328
16332
16344
16347
16354
16355
16356
16357
16358
16359
16359
16360
16363
16364
16376
16378
16380
16380
16381
16383
16384
16392
16395
16398
16403
16405
16405
16406
16409
16422
16428
16430
16441
16442
16444
16445
16450
16452
16453
16455
16456
16456
16457
16459
16461
16465
16467
16474
16475
16477
16477
16479
16486
16487
16497
16507
16507
16510
16514
16516
16516
16518
16523
16526
16528
16530
16533
16533
16536
16540
16541
16543
16544
16547
16548
16548
16552
16554
16561
16565
16569
16572
16573
16574
16577
16580
16581
16583
16583
16585
16590
16605
16605
16613
16614
16619
16630
16630
16631
16634
16636
16639
16644
16647
16648
16650
16654
16656
16656
16656
16660
16663
16669
16685
16686
16689
16695
16702
16704
16710
16713
16715
16716
16717
16718
16722
16726
16726
16727
16728
16728
16732
16735
16739
16742
16743
16744
16749
16752
16753
16761
16762
16766
16772
16773
16776
16780
16786
16797
16798
16800
16800
16803
16806
16809
16813
16815
16817
16821
16827
16833
16836
16839
16840
16843
16846
16856
16857
16860
16866
16867
16870
16871
16877
16879
16882
16883
16888
16889
16891
16892
16892
16893
16893
16906
16909
16910
16913
16918
16933
16939
16940
16941
16954
16957
16958
16971
16973
16985
16985
16985
16988
16991
16992
16996
17002
17008
17009
17018
17026
17030
17032
17036
17037
17038
17040
17043
17044
17044
17045
17046
17049
17058
17064
17065
17065
17071
17078
17079
17088
17091
17095
17098
17100
17101
17102
17103
17110
17113
17113
17119
17121
17126
17127
17128
17132
17135
17135
17139
17149
17160
17164
17169
17170
17172
17177
17178
17180
17189
17190
17195
17198
17207
17208
17212
17213
17218
17220
17222
17226
17231
17235
17237
17244
17246
17247
17249
17250
17253
17253
17257
17262
17264
17266
17271
17272
17276
17277
17281
17297
17298
17301
17303
17303
17304
17304
17313
17319
17321
17322
17324
17325
17325
17329
17332
17337
17350
17357
17364
17374
17375
17380
17380
17393
17394
17394
17395
17396
17396
17396
17400
17402
17405
17406
17406
17411
17413
17424
17426
17434
17438
17439
17447
17447
17449
17450
17452
17453
17454
17455
17461
17465
17470
17471
17477
17477
17488
17489
17493
17495
17497
17507
17516
17521
17525
17528
17532
17537
17544
17545
17548
17548
17549
17549
17570
17571
17575
17583
17583
17590
17593
17593
17593
17595
17599
17600
17604
17607
17607
17609
17609
17611
17617
17623
17627
17628
17628
17630
17635
17636
17636
17637
17638
17642
17652
17657
17657
17662
17665
17669
17675
17677
17678
17679
17680
17680
17680
17685
17697
17699
17707
17708
17710
17712
17712
17713
17716
17721
17722
17723
17724
17725
17731
17733
17735
17736
17741
17743
17744
17744
17748
17749
17752
17753
17758
17761
17763
17764
17766
17766
17770
17771
17775
17777
17779
17784
17785
17788
17789
17790
17793
17794
17806
17806
17809
17811
17826
17829
17846
17846
17847
17847
17850
17854
17857
17857
17858
17862
17862
17868
17871
17874
17874
17874
17881
17885
17886
17889
17893
17906
17908
17909
17913
17913
17914
17915
17915
17917
17917
17919
17928
17931
17932
17941
17945
17947
17957
17958
17959
17960
17968
17970
17970
17976
17978
17978
17983
17984
17992
17993
17996
18001
18002
18005
18012
18014
18023
18024
18027
18028
18032
18033
18035
18038
18045
18046
18048
18052
18058
18059
18061
18063
18067
18068
18069
18077
18084
18085
18088
18088
18090
18117
18120
18125
18128
18136
18137
18139
18139
18141
18141
18142
18157
18161
18165
18167
18169
18169
18171
18178
18179
18182
18183
18185
18186
18187
18189
18190
18192
18194
18201
18204
18207
18207
18208
18221
18225
18227
18240
18249
18251
18254
18257
18259
18259
18270
18271
18285
18290
18292
18294
18297
18304
18307
18310
18327
18334
18339
18341
18347
18352
18356
18356
18358
18364
18365
18366
18368
18380
18380
18382
18387
18388
18389
18391
18395
18396
18405
18405
18407
18408
18412
18417
18423
18426
18429
18431
18437
18437
18438
18442
18446
18449
18458
18458
18462
18467
18477
18480
18481
18483
18485
18490
18502
18503
18516
18519
18522
18522
18529
18531
18534
18535
18535
18536
18536
18541
18542
18543
18548
18552
18558
18563
18563
18567
18570
18577
18587
18594
18597
18597
18597
18598
18599
18603
18604
18611
18624
18624
18628
18629
18637
18637
18647
18647
18648
18648
18648
18651
18653
18653
18653
18659
18662
18663
18668
18685
18696
18698
18703
18704
18716
18718
18720
18721
18722
18724
18731
18732
18735
18735
18739
18741
18743
18745
18746
18753
18778
18778
18781
18781
18784
18784
18796
18799
18799
18802
18807
18818
18823
18825
18826
18831
18837
18839
18839
18840
18846
18847
18850
18852
18855
18857
18863
18875
18876
18880
18880
18885
18887
18890
18892
18894
18901
18904
18905
18906
18906
18907
18908
18908
18916
18916
18919
18924
18930
18931
18932
18941
18945
18945
18946
18947
18949
18951
18951
18952
18954
18956
18957
18969
18969
18973
18986
18986
18991
18992
18992
18994
18999
19003
19005
19005
19006
19009
19010
19011
19012
19014
19020
19020
19038
19042
19053
19058
19059
19062
19071
19071
19072
19077
19078
19079
19080
19081
19086
19088
19091
19093
19096
19100
19104
19106
19107
19111
19112
19119
19142
19142
19147
19149
19150
19154
19154
19158
19161
19162
19165
19165
19168
19169
19173
19175
19180
19188
19188
19194
19194
19196
19197
19200
19200
19204
19206
19207
19208
19209
19211
19219
19223
19223
19224
19225
19227
19230
19233
19235
19238
19240
19259
19262
19264
19269
19276
19276
19277
19282
19283
19288
19291
19291
19293
19293
19294
19299
19303
19304
19308
19320
19327
19334
19340
19346
19348
19349
19349
19350
19353
19358
19359
19363
19364
19374
19375
19380
19380
19381
19381
19390
19391
19394
19401
19401
19403
19407
19409
19409
19409
19417
19421
19426
19427
19434
19434
19439
19451
19460
19461
19461
19465
19465
19476
19487
19494
19501
19503
19504
19506
19508
19508
19508
19512
19514
19518
19519
19520
19522
19523
19526
19530
19531
19538
19539
19539
19541
19542
19542
19542
19542
19544
19547
19553
19553
19554
19555
19555
19557
19560
19561
19567
19570
19574
19576
19586
19590
19599
19603
19603
19606
19609
19609
19623
19625
19625
19625
19626
19626
19631
19636
19639
19645
19646
19648
19649
19653
19656
19664
19668
19677
19679
19685
19688
19689
19690
19694
19698
19700
19700
19701
19705
19706
19715
19715
19716
19718
19722
19722
19722
19728
19728
19730
19731
19733
19734
19736
19739
19739
19740
19742
19747
19748
19749
19753
19756
19761
19761
19766
19769
19770
19772
19773
19775
19778
19785
19799
19801
19805
19821
19821
19832
19832
19835
19835
19837
19846
19848
19850
19854
19855
19855
19856
19857
19860
19867
19870
19872
19879
19889
19891
19892
19893
19893
19894
19902
19905
19907
19908
19911
19918
19920
19920
19921
19922
19922
19925
19925
19925
19926
19928
19938
19943
19947
19947
19952
19954
19957
19958
19961
19967
19970
19972
19980
19984
19994
19996
19998
19998
20005
20009
20025
20026
20026
20027
20027
20030
20036
20038
20038
20046
20050
20052
20052
20056
20063
20063
20063
20067
20070
20080
20084
20088
20095
20109
20115
20116
20123
20129
20130
20142
20150
20159
20164
20165
20166
20166
20173
20176
20178
20183
20183
20186
20187
20195
20201
20204
20207
20209
20212
20215
20215
20216
20225
20225
20235
20241
20242
20244
20245
20247
20249
20249
20250
20255
20255
20258
20262
20264
20267
20267
20269
20273
20284
20286
20293
20294
20297
20318
20319
20322
20322
20323
20337
20337
20338
20341
20343
20343
20344
20350
20352
20359
20361
20368
20377
20378
20379
20380
20400
20401
20402
20402
20404
20405
20410
20413
20420
20425
20426
20430
20433
20442
20444
20446
20448
20451
20459
20459
20461
20462
20464
20480
20480
20480
20488
20489
20494
20499
20506
20510
20510
20510
20517
20519
20522
20523
20527
20528
20533
20535
20547
20554
20559
20562
20564
20565
20566
20570
20575
20578
20582
20583
20587
20588
20596
20597
20599
20602
20603
20607
20611
20613
20615
20616
20617
20628
20630
20640
20642
20642
20642
20643
20645
20651
20656
20657
20658
20660
20664
20666
20672
20672
20675
20678
20681
20685
20688
20689
20691
20693
20697
20699
20702
20704
20704
20705
20714
20716
20718
20720
20723
20730
20733
20737
20742
20743
20743
20744
20744
20745
20749
20753
20754
20757
20772
20786
20793
20798
20808
20810
20820
20821
20826
20826
20838
20843
20848
20849
20852
20857
20868
20874
20879
20881
20886
20890
20897
20898
20902
20904
20906
20913
20919
20920
20929
20935
20939
20941
20946
20948
20949
20952
20953
20957
20958
20961
20962
20963
20966
20968
20969
20970
20974
20975
20977
20978
20984
20997
21000
21000
21003
21016
21016
21019
21019
21020
21023
21027
21029
21035
21042
21044
21046
21047
21059
21059
21062
21063
21066
21083
21085
21088
21089
21089
21089
21093
21093
21103
21104
21110
21111
21112
21113
21115
21117
21120
21121
21124
21125
21138
21139
21139
21146
21147
21148
21151
21154
21159
21166
21166
21170
21171
21179
21190
21191
21210
21212
21215
21226
21233
21238
21242
21245
21248
21251
21254
21255
21262
21265
21266
21266
21269
21274
21278
21279
21282
21284
21284
21285
21290
21292
21293
21293
21298
21302
21305
21310
21313
21327
21330
21333
21333
21334
21350
21354
21356
21362
21363
21363
21365
21366
21370
21370
21374
21379
21382
21386
21386
21386
21388
21395
21403
21403
21415
21418
21418
21424
21425
21429
21434
21439
21448
21450
21453
21455
21456
21458
21460
21461
21464
21465
21476
21477
21477
21480
21480
21488
21495
21503
21507
21511
21511
21512
21513
21515
21517
21517
21517
21519
21519
21520
21534
21537
21539
21544
21550
21550
21553
21555
21559
21560
21566
21568
21571
21572
21573
21574
21577
21582
21583
21594
21594
21596
21602
21604
21605
21611
21612
21612
21615
21617
21618
21627
21635
21640
21645
21645
21646
21646
21647
21649
21649
21653
21658
21658
21662
21663
21664
21664
21668
21670
21671
21678
21684
21690
21691
21707
21709
21710
21711
21712
21717
21721
21723
21724
21726
21726
21729
21734
21736
21743
21747
21753
21753
21754
21756
21757
21757
21757
21760
21760
21761
21763
21765
21765
21774
21776
21776
21780
21781
21783
21785
21787
21794
21795
21796
21798
21799
21800
21800
21801
21802
21808
21812
21816
21818
21822
21829
21829
21837
21837
21845
21845
21846
21847
21849
21850
21853
21855
21856
21860
21862
21864
21865
21866
21867
21869
21871
21871
21874
21874
21883
21883
21888
21890
21897
21897
21902
21908
21912
21919
21930
21931
21932
21933
21933
21936
21937
21939
21941
21942
21942
21944
21944
21945
21946
21947
21959
21960
21963
21966
21967
21973
21984
21984
21985
21985
21992
21995
21997
22000
22003
22006
22008
22010
22013
22013
22023
22023
22028
22031
22038
22045
22046
22049
22052
22052
22063
22082
22082
22083
22083
22084
22089
22090
22090
22091
22093
22095
22101
22101
22107
22110
22111
22115
22116
22120
22125
22131
22134
22146
22150
22156
22163
22164
22165
22167
22170
22171
22182
22185
22189
22189
22199
22204
22205
22207
22209
22210
22213
22214
22215
22216
22220
22222
22222
22222
22232
22235
22238
22243
22244
22244
22246
22247
22250
22256
22265
22267
22267
22268
22272
22273
22274
22275
22282
22286
22288
22296
22305
22305
22306
22308
22311
22314
22315
22316
22316
22319
22326
22334
22342
22348
22349
22352
22354
22357
22363
22368
22369
22372
22378
22378
22381
22382
22387
22390
22393
22401
22403
22407
22408
22415
22421
22421
22424
22424
22430
22432
22438
22440
22441
22445
22446
22459
22462
22464
22471
22473
22473
22475
22476
22483
22484
22493
22494
22495
22496
22498
22498
22501
22506
22507
22507
22516
22516
22521
22525
22525
22526
22530
22542
22543
22547
22550
22555
22555
22556
22558
22558
22558
22566
22570
22572
22574
22584
22586
22589
22591
22593
22601
22607
22611
22619
22619
22623
22625
22627
22640
22645
22645
22647
22648
22656
22658
22659
22662
22663
22675
22678
22678
22680
22684
22687
22692
22695
22696
22706
22710
22712
22714
22715
22717
22717
22721
22722
22722
22726
22726
22728
22734
22737
22737
22740
22743
22746
22747
22748
22750
22751
22753
22755
22757
22759
22760
22761
22763
22769
22771
22771
22772
22772
22772
22778
22779
22791
22793
22794
22795
22797
22801
22801
22802
22805
22807
22808
22815
22816
22825
22827
22833
22833
22842
22845
22853
22857
22858
22862
22867
22870
22873
22875
22880
22880
22887
22889
22889
22889
22891
22892
22896
22904
22908
22915
22916
22918
22921
22922
22922
22930
22936
22942
22942
22944
22944
22947
22950
22952
22958
22959
22967
22969
22969
22975
22975
22979
22981
22981
22985
22997
22997
23002
23003
23005
23010
23010
23010
23014
23016
23016
23021
23022
23035
23041
23043
23049
23049
23050
23052
23054
23058
23061
23065
23069
23072
23079
23081
23081
23082
23089
23090
23093
23094
23099
23102
23103
23105
23109
23110
23115
23119
23120
23120
23129
23132
23133
23134
23134
23137
23140
23142
23143
23143
23144
23145
23145
23147
23149
23149
23151
23153
23155
23161
23163
23167
23173
23176
23186
23196
23200
23206
23208
23209
23213
23218
23223
23232
23233
23237
23239
23241
23241
23247
23248
23253
23255
23256
23260
23263
23273
23278
23280
23290
23292
23294
23304
23310
23313
23339
23345
23349
23355
23358
23358
23360
23364
23365
23369
23372
23375
23379
23381
23383
23393
23393
23394
23394
23396
23406
23408
23410
23416
23416
23418
23418
23425
23430
23430
23431
23432
23434
23440
23441
23446
23448
23450
23453
23460
23469
23471
23476
23481
23490
23498
23500
23503
23503
23503
23504
23507
23509
23512
23513
23514
23514
23516
23519
23522
23524
23525
23532
23533
23534
23539
23543
23543
23545
23548
23550
23552
23556
23561
23563
23567
23569
23572
23574
23574
23574
23580
23592
23594
23595
23595
23598
23608
23608
23610
23611
23615
23615
23619
23620
23621
23622
23624
23625
23626
23629
23630
23631
23633
23638
23638
23647
23660
23663
23664
23665
23666
23668
23670
23672
23673
23678
23679
23681
23683
23692
23695
23697
23700
23701
23704
23706
23713
23716
23721
23722
23727
23727
23742
23742
23749
23749
23750
23754
23755
23757
23759
23762
23764
23766
23769
23771
23771
23772
23772
23773
23779
23781
23782
23784
23789
23789
23791
23794
23795
23796
23798
23807
23809
23812
23816
23816
23833
23838
23843
23843
23851
23852
23854
23856
23857
23857
23858
23860
23862
23870
23870
23875
23875
23876
23880
23881
23881
23884
23895
23907
23907
23909
23910
23912
23915
23917
23919
23923
23926
23929
23930
23935
23935
23943
23945
23945
23948
23956
23957
23962
23963
23963
23968
23968
23979
23982
23982
23990
23992
23993
23994
23996
24001
24006
24010
24010
24014
24014
24015
24017
24019
24024
24027
24039
24043
24045
24048
24051
24053
24058
24061
24065
24066
24073
24078
24081
24083
24089
24091
24093
24094
24101
24102
24103
24110
24110
24113
24115
24117
24138
24142
24142
24145
24147
24152
24156
24161
24165
24166
24167
24168
24180
24186
24189
24190
24193
24196
24199
24201
24201
24203
24203
24204
24204
24213
24217
24219
24226
24230
24237
24239
24240
24241
24241
24244
24248
24256
24259
24261
24265
24266
24267
24276
24282
24283
24289
24292
24294
24296
24302
24309
24311
24312
24312
24320
24322
24325
24326
24331
24331
24334
24336
24339
24345
24349
24350
24354
24354
24356
24358
24359
24360
24360
24363
24368
24374
24381
24381
24387
24389
24394
24397
24397
24405
24408
24415
24416
24416
24419
24420
24432
24432
24434
24440
24440
24441
24443
24444
24444
24450
24455
24457
24458
24466
24473
24479
24480
24483
24484
24486
24489
24489
24493
24497
24499
24501
24503
24507
24516
24522
24524
24534
24539
24548
24550
24569
24570
24573
24573
24576
24583
24584
24588
24589
24594
24603
24603
24604
24606
24607
24611
24611
24613
24627
24632
24637
24637
24650
24654
24662
24676
24676
24684
24685
24691
24692
24699
24704
24704
24706
24706
24712
24713
24717
24718
24719
24723
24724
24728
24730
24732
24733
24737
24742
24751
24754
24756
24757
24757
24759
24761
24763
24764
24765
24769
24769
24771
24772
24773
24774
24774
24778
24778
24783
24787
24789
24789
24792
24802
24805
24806
24808
24809
24812
24817
24817
24818
24818
24824
24824
24827
24827
24831
24849
24857
24861
24863
24864
24865
24868
24872
24874
24877
24880
24881
24886
24894
24895
24896
24898
24906
24907
24909
24913
24915
24916
24917
24917
24917
24919
24921
24923
24923
24928
24928
24933
24935
24938
24945
24947
24947
24948
24949
24950
24951
24959
24965
24966
24966
24974
24981
24982
24985
24987
24992
24994
24995
25006
25006
25010
25011
25011
25014
25017
25020
25025
25026
25034
25034
25038
25039
25053
25055
25056
25056
25058
25061
25065
25065
25069
25072
25075
25077
25079
25080
25080
25088
25094
25096
25099
25100
25104
25105
25105
25108
25111
25111
25111
25116
25117
25118
25125
25127
25129
25129
25132
25136
25141
25142
25147
25148
25154
25163
25166
25172
25176
25177
25180
25181
25181
25182
25185
25191
25192
25199
25201
25203
25207
25209
25209
25210
25212
25215
25226
25227
25232
25235
25238
25239
25240
25243
25244
25247
25267
25271
25288
25298
25303
25325
25329
25329
25336
25337
25338
25345
25361
25363
25363
25369
25376
25377
25378
25381
25381
25384
25385
25391
25406
25408
25410
25412
25423
25423
25431
25435
25436
25441
25449
25451
25460
25466
25473
25475
25476
25484
25489
25490
25491
25495
25500
25502
25508
25511
25515
25518
25518
25527
25534
25535
25536
25543
25544
25545
25546
25550
25553
25554
25560
25561
25562
25572
25575
25575
25577
25578
25579
25581
25587
25588
25589
25589
25592
25600
25600
25604
25611
25612
25613
25616
25616
25617
25624
25625
25626
25631
25632
25634
25640
25641
25641
25644
25645
25649
25653
25659
25660
25660
25667
25669
25674
25682
25683
25684
25685
25690
25693
25697
25698
25703
25703
25707
25708
25709
25710
25730
25730
25731
25736
25739
25741
25742
25744
25747
25751
25756
25759
25762
25767
25768
25775
25776
25779
25792
25793
25805
25808
25812
25812
25813
25814
25815
25815
25821
25822
25830
25833
25834
25837
25839
25844
25845
25853
25854
25855
25860
25862
25870
25871
25873
25878
25888
25897
25904
25913
25915
25915
25921
25935
25936
25936
25938
25940
25943
25943
25950
25950
25954
25957
25960
25960
25961
25965
25969
25984
25989
25992
25998
25998
25998
25999
26005
26007
26009
26011
26012
26013
26013
26017
26019
26021
26022
26023
26025
26029
26031
26035
26038
26038
26041
26042
26046
26047
26048
26048
26048
26059
26063
26066
26068
26069
26078
26079
26080
26083
26086
26087
26088
26090
26103
26109
26112
26115
26120
26123
26125
26126
26132
26133
26133
26139
26142
26154
26154
26163
26164
26168
26172
26173
26178
26181
26182
26182
26183
26187
26199
26201
26207
26208
26209
26214
26218
26226
26226
26229
26236
26238
26242
26246
26255
26255
26257
26258
26259
26265
26266
26269
26270
26271
26272
26273
26277
26278
26279
26282
26283
26284
26293
26294
26296
26297
26299
26309
26310
26314
26320
26328
26328
26331
26333
26334
26335
26350
26350
26353
26357
26359
26361
26361
26362
26364
26364
26365
26366
26366
26380
26384
26384
26395
26396
26396
26397
26400
26402
26404
26405
26416
26417
26423
26430
26430
26431
26432
26433
26434
26436
26441
26442
26443
26445
26446
26446
26447
26449
26452
26453
26456
26464
26464
26485
26486
26488
26488
26488
26490
26490
26490
26494
26500
26500
26501
26507
26511
26511
26513
26514
26514
26514
26521
26525
26529
26532
26536
26539
26540
26550
26554
26556
26557
26560
26560
26561
26568
26570
26573
26578
26579
26579
26585
26591
26594
26595
26598
26598
26599
26609
26609
26618
26620
26621
26626
26641
26643
26643
26646
26646
26646
26648
26655
26662
26662
26668
26679
26693
26698
26705
26712
26717
26719
26727
26729
26731
26733
26735
26736
26741
26741
26748
26749
26749
26750
26753
26764
26768
26769
26773
26774
26775
26775
26776
26776
26777
26791
26791
26793
26795
26798
26807
26810
26814
26822
26823
26830
26832
26835
26839
26839
26841
26841
26846
26848
26849
26849
26858
26861
26862
26873
26881
26881
26882
26889
26891
26893
26905
26906
26908
26911
26917
26940
26952
26958
26958
26970
26972
26982
26989
26991
26992
26993
26993
26998
27020
27021
27026
27026
27027
27029
27032
27037
27037
27037
27038
27039
27041
27043
27050
27051
27052
27053
27059
27064
27065
27069
27072
27072
27074
27075
27076
27077
27077
27077
27078
27078
27085
27087
27097
27098
27103
27109
27113
27113
27114
27117
27123
27124
27128
27129
27132
27132
27133
27134
27136
27144
27146
27152
27157
27162
27164
27168
27171
27171
27176
27177
27177
27177
27181
27184
27187
27188
27192
27198
27199
27202
27204
27206
27208
27211
27220
27225
27235
27238
27239
27240
27245
27249
27255
27256
27260
27265
27266
27266
27268
27268
27275
27276
27289
27290
27290
27291
27292
27295
27297
27302
27304
27315
27318
27321
27322
27325
27326
27328
27330
27335
27337
27341
27341
27342
27347
27352
27355
27355
27356
27360
27367
27371
27374
27375
27376
27377
27378
27380
27384
27386
27387
27390
27390
27391
27398
27400
27403
27405
27405
27409
27410
27415
27420
27421
27424
27427
27431
27434
27448
27450
27451
27451
27459
27464
27470
27471
27485
27488
27489
27490
27490
27490
27492
27493
27493
27495
27497
27498
27508
27517
27522
27526
27532
27532
27534
27542
27543
27547
27550
27551
27563
27566
27579
27581
27588
27589
27589
27591
27594
27597
27601
27603
27610
27612
27613
27613
27619
27621
27622
27623
27625
27626
27633
27635
27636
27639
27639
27640
27642
27651
27659
27663
27664
27667
27669
27670
27674
27674
27681
27685
27686
27687
27688
27696
27697
27699
27699
27702
27703
27704
27705
27710
27711
27712
27715
27715
27717
27723
27724
27726
27726
27732
27735
27742
27745
27755
27757
27758
27760
27762
27766
27772
27784
27785
27788
27796
27796
27796
27797
27797
27798
27801
27807
27811
27812
27814
27815
27816
27823
27823
27823
27824
27826
27827
27832
27835
27839
27843
27845
27847
27848
27857
27862
27864
27873
27888
27897
27897
27907
27907
27909
27909
27922
27929
27935
27935
27937
27938
27938
27938
27940
27940
27941
27944
27945
27945
27947
27957
27970
27975
27976
27979
27981
27990
27994
27996
27997
28002
28004
28008
28012
28013
28018
28038
28042
28045
28050
28053
28057
28076
28078
28080
28089
28092
28093
28101
28102
28103
28110
28118
28123
28123
28124
28131
28136
28145
28146
28148
28149
28150
28150
28153
28155
28156
28160
28162
28164
28173
28176
28176
28176
28178
28181
28192
28193
28201
28204
28204
28205
28209
28210
28216
28221
28221
28223
28224
28226
28226
28228
28232
28234
28235
28243
28244
28255
28257
28264
28264
28266
28270
28274
28274
28290
28298
28300
28300
28309
28311
28312
28314
28320
28321
28324
28327
28329
28345
28349
28354
28363
28364
28364
28365
28367
28367
28368
28371
28372
28373
28374
28378
28380
28382
28383
28387
28387
28395
28401
28416
28417
28417
28420
28421
28424
28429
28430
28438
28444
28445
28446
28451
28452
28453
28462
28470
28473
28480
28485
28486
28489
28495
28505
28510
28513
28518
28528
28529
28533
28537
28547
28550
28551
28551
28555
28556
28558
28562
28566
28569
28574
28580
28584
28585
28590
28593
28596
28596
28598
28608
28612
28614
28616
28617
28618
28620
28621
28624
28632
28633
28636
28638
28655
28656
28668
28673
28674
28674
28681
28686
28686
28692
28696
28697
28699
28700
28710
28712
28718
28719
28720
28721
28724
28725
28732
28733
28737
28742
28748
28756
28761
28765
28765
28765
28766
28770
28771
28774
28780
28782
28786
28789
28794
28796
28801
28802
28805
28805
28806
28809
28809
28809
28810
28811
28811
28814
28815
28821
28833
28835
28836
28836
28844
28844
28844
28848
28848
28853
28854
28862
28862
28862
28866
28866
28875
28880
28882
28884
28888
28889
28893
28899
28901
28912
28914
28916
28917
28918
28919
28920
28921
28925
28927
28931
28934
28936
28937
28938
28941
28941
28943
28947
28947
28953
28954
28955
28957
28958
28959
28966
28969
28973
28979
28986
28990
28999
29000
29001
29001
29007
29008
29015
29016
29023
29026
29031
29033
29039
29039
29047
29049
29050
29053
29053
29054
29057
29063
29066
29069
29071
29072
29093
29105
29105
29117
29119
29120
29124
29126
29127
29128
29128
29131
29132
29132
29133
29139
29144
29146
29157
29159
29160
29170
29171
29172
29174
29181
29181
29188
29190
29190
29192
29193
29197
29197
29198
29199
29200
29210
29211
29215
29219
29233
29235
29240
29242
29245
29249
29257
29258
29258
29261
29261
29274
29274
29285
29285
29287
29288
29288
29290
29301
29301
29307
29318
29319
29320
29322
29323
29323
29327
29335
29343
29351
29353
29359
29361
29369
29379
29384
29392
29394
29395
29395
29402
29407
29424
29425
29436
29438
29446
29449
29455
29458
29466
29478
29483
29484
29485
29488
29501
29502
29505
29505
29506
29509
29512
29513
29520
29529
29530
29530
29533
29533
29535
29540
29543
29546
29561
29563
29563
29564
29569
29570
29574
29579
29582
29583
29583
29583
29586
29586
29590
29600
29602
29604
29615
29616
29623
29629
29633
29639
29640
29646
29649
29652
29656
29661
29661
29661
29675
29675
29675
29680
29683
29692
29707
29707
29715
29717
29718
29719
29721
29724
29727
29729
29731
29734
29735
29745
29750
29753
29756
29762
29767
29771
29773
29776
29780
29783
29783
29784
29785
29787
29793
29803
29804
29807
29811
29814
29821
29828
29830
29834
29837
29842
29843
29844
29850
29850
29854
29854
29858
29864
29868
29872
29874
29874
29875
29876
29877
29877
29878
29879
29880
29883
29883
29884
29889
29893
29903
29904
29905
29914
29915
29927
29927
29928
29928
29928
29935
29942
29944
29948
29951
29951
29952
29957
29958
29958
29964
29964
29965
29967
29968
29975
29977
29977
29980
29984
29987
29989
29993
29996
29997
29997
30000
30003
30004
30009
30012
30012
30014
30022
30027
30030
30036
30040
30044
30050
30051
30052
30055
30055
30057
30061
30067
30069
30073
30080
30086
30087
30092
30096
30097
30103
30109
30121
30122
30123
30127
30129
30132
30137
30138
30138
30141
30144
30145
30149
30149
30152
30154
30154
30156
30157
30157
30158
30161
30161
30169
30169
30174
30175
30179
30190
30196
30198
30199
30201
30204
30204
30207
30217
30220
30220
30221
30226
30226
30233
30245
30251
30260
30261
30265
30267
30269
30270
30274
30276
30277
30285
30288
30289
30294
30298
30299
30299
30307
30309
30311
30313
30317
30326
30326
30328
30329
30330
30332
30333
30334
30335
30337
30338
30342
30344
30344
30350
30350
30355
30355
30356
30356
30364
30368
30379
30383
30386
30390
30394
30396
30398
30414
30414
30420
30421
30422
30423
30424
30425
30432
30435
30443
30443
30443
30446
30447
30449
30451
30453
30453
30454
30455
30456
30461
30469
30469
30480
30483
30484
30484
30484
30486
30493
30494
30499
30499
30501
30501
30503
30503
30503
30514
30516
30518
30520
30524
30528
30531
30534
30536
30537
30543
30544
30546
30556
30558
30562
30565
30568
30569
30571
30573
30575
30575
30583
30583
30591
30596
30597
30599
30606
30613
30615
30621
30629
30634
30636
30641
30654
30657
30657
30658
30662
30667
30674
30682
30691
30698
30702
30703
30705
30708
30712
30713
30724
30727
30732
30740
30743
30744
30748
30750
30754
30756
30758
30767
30770
30771
30772
30773
30777
30777
30778
30779
30780
30792
30799
30801
30802
30807
30808
30812
30812
30818
30823
30824
30826
30826
30834
30835
30839
30845
30846
30848
30850
30852
30855
30864
30865
30871
30872
30875
30880
30882
30882
30894
30894
30895
30895
30898
30902
30908
30908
30910
30912
30913
30920
30923
30925
30932
30932
30943
30946
30947
30950
30951
30952
30952
30954
30954
30956
30956
30961
30966
30969
30970
30974
30977
30977
30978
30984
30986
30992
31001
31001
31002
31002
31003
31004
31013
31013
31013
31016
31026
31031
31032
31033
31033
31037
31039
31042
31047
31048
31049
31049
31050
31063
31064
31064
31066
31074
31077
31078
31079
31080
31090
31090
31092
31092
31103
31108
31108
31113
31115
31121
31121
31121
31125
31127
31128
31132
31135
31136
31139
31143
31144
31147
31148
31150
31150
31155
31158
31158
31161
31162
31169
31173
31182
31182
31186
31188
31189
31190
31198
31198
31204
31205
31207
31207
31207
31209
31212
31217
31221
31226
31238
31239
31241
31246
31249
31250
31250
31252
31256
31259
31270
31270
31271
31271
31282
31285
31285
31288
31293
31298
31302
31306
31312
31319
31325
31326
31328
31331
31332
31338
31343
31351
31352
31355
31359
31364
31364
31373
31375
31376
31381
31381
31381
31382
31384
31388
31399
31404
31408
31414
31414
31416
31423
31426
31431
31435
31436
31439
31440
31446
31446
31447
31448
31450
31454
31455
31457
31459
31468
31471
31473
31473
31473
31473
31473
31473
31474
31479
31485
31487
31499
31503
31505
31508
31509
31513
31522
31527
31530
31534
31534
31536
31537
31539
31543
31550
31552
31554
31555
31556
31561
31562
31565
31567
31573
31579
31581
31582
31582
31582
31589
31591
31595
31596
31598
31607
31612
31615
31619
31622
31627
31631
31631
31633
31633
31635
31635
31644
31653
31653
31656
31657
31658
31664
31665
31665
31666
31670
31671
31672
31676
31690
31692
31695
31701
31707
31707
31707
31708
31711
31711
31714
31714
31715
31715
31716
31723
31725
31731
31742
31743
31743
31748
31750
31755
31756
31761
31762
31768
31768
31770
31772
31774
31775
31778
31778
31781
31782
31783
31790
31793
31794
31795
31796
31799
31803
31808
31808
31809
31810
31814
31822
31822
31824
31824
31832
31833
31833
31833
31836
31838
31851
31858
31860
31866
31871
31872
31873
31875
31876
31879
31883
31883
31883
31889
31890
31897
31904
31905
31909
31913
31920
31920
31921
31924
31936
31936
31939
31948
31953
31957
31959
31966
31969
31970
31982
31989
31990
31990
31996
31996
31996
31997
32002
32005
32014
32014
32015
32020
32022
32025
32031
32036
32036
32037
32038
32040
32044
32044
32052
32052
32054
32060
32065
32066
32068
32076
32077
32078
32086
32087
32087
32092
32096
32098
32100
32102
32114
32121
32122
32123
32130
32133
32136
32137
32144
32145
32146
32155
32157
32165
32173
32176
32178
32182
32184
32193
32193
32195
32197
32206
32211
32211
32212
32212
32222
32225
32227
32228
32229
32234
32236
32238
32240
32241
32242
32243
32243
32244
32244
32250
32252
32258
32267
32269
32273
32274
32280
32284
32287
32296
32297
32306
32308
32309
32312
32317
32318
32319
32320
32321
32321
32322
32323
32326
32329
32335
32336
32338
32347
32351
32355
32357
32357
32359
32360
32362
32362
32366
32368
32373
32375
32377
32377
32383
32385
32386
32388
32393
32395
32398
32398
32403
32407
32407
32409
32409
32413
32417
32417
32426
32431
32433
32435
32436
32439
32444
32448
32450
32450
32451
32454
32457
32457
32457
32459
32462
32463
32469
32474
32478
32481
32485
32486
32490
32490
32490
32492
32493
32500
32507
32508
32510
32512
32518
32521
32530
32534
32539
32541
32547
32556
32558
32559
32561
32564
32564
32565
32566
32567
32568
32569
32570
32574
32582
32582
32586
32587
32588
32590
32592
32607
32608
32609
32613
32619
32623
32625
32628
32635
32643
32650
32654
32655
32656
32656
32660
32660
32663
32672
32674
32678
32684
32695
32697
32697
32699
32702
32706
32714
32714
32715
32717
32717
32721
32724
32725
32728
32733
32734
32735
32736
32736
32746
32749
32752
32754
32757
32763
32765
32765
