10000
18408
10528
12285
16010
843
12311
14342
14663
19394
14316
8364
4277
31173
27579
26359
1270
14766
22887
2098
13407
18931
14626
8331
11234
24864
8635
22381
4670
30615
13739
13726
23016
28936
5341
16663
9655
25006
8001
31399
19539
27470
21519
6470
9820
28145
23003
7994
4953
2140
31582
9452
24935
9300
9470
30087
926
2707
12066
22870
17218
14984
312
10714
22446
466
22915
2990
4352
3963
17829
27164
389
32500
6128
4219
20963
5844
25965
32078
11273
14161
22696
19230
26839
13434
25921
19219
27788
6202
10292
11605
24051
2061
227
21285
9293
19071
12009
9913
22525
10345
157
5340
4598
9707
24168
1090
17893
20264
16071
26284
4893
5316
20255
16320
14406
29727
23876
15782
5573
26446
19911
16226
27371
22750
11011
25844
14813
5959
6375
1329
32326
1074
14720
9567
8894
31595
20046
20115
24824
11684
8771
23755
30894
27375
2202
9163
26958
6393
31838
1464
6753
20743
11445
22390
7872
25010
497
11969
32373
12386
26453
30221
13170
13964
26023
25118
17652
5803
23161
9575
11701
1280
22584
32036
30932
9
31473
29750
16773
5314
15847
30658
376
10909
7637
6536
23050
4931
5123
7171
17454
23049
13835
9286
21274
3888
1640
11665
30129
2789
16836
6838
25267
25587
13566
302
7079
5705
26621
2554
12931
5424
10551
1083
15905
17736
17919
1424
10595
6727
31635
13363
18720
21618
27873
5842
25813
6615
10525
1583
7693
26447
3844
7286
25227
5431
6381
15970
21822
27625
23956
6670
23010
1020
20902
14236
12149
28224
5644
30599
17761
24440
24312
6856
14178
23509
16304
12460
7228
7735
26397
1648
4895
14115
6418
29858
15317
8066
28765
9783
1457
15135
13712
13675
312
1758
22156
14940
8332
28349
19154
10085
4764
1932
28810
3899
9486
10348
11855
12490
22759
8201
26048
25805
5632
407
711
18735
10537
17806
13223
17957
31002
14884
5576
18696
7710
32655
25410
20723
18558
3063
27947
10529
8622
29501
28321
27907
5177
28270
1174
12836
9838
24325
22110
29629
21448
18916
15098
7191
4382
1553
26402
18341
26511
6961
28692
7645
21035
3013
12063
23514
19042
1830
20974
27827
12077
16193
9109
11161
29438
24083
23133
11187
15464
22243
30288
8633
25998
3907
31875
19282
1613
7108
6950
28718
29993
3196
588
22755
27384
1337
32123
22408
13648
7554
6643
15892
9138
17489
26047
24180
7027
9107
4989
28782
32366
16219
3820
31032
20587
19690
20026
4311
18254
32096
27659
8505
12799
14398
22089
31505
25117
419
7598
23670
1122
2114
12818
17723
5076
5926
6005
13580
21425
26405
24524
12109
31768
3109
30092
8370
1399
31250
759
670
16056
23963
553
22589
6699
17583
16866
24928
23858
21179
27409
7964
7854
31904
21284
1568
16428
2166
10001
31450
19920
19715
15140
29513
28925
27897
2951
23200
25034
2547
14739
4768
804
11054
4569
11955
5571
21511
26350
17607
11726
1592
19706
28656
22349
11218
512
24765
5458
9466
3819
5973
10215
30051
27996
9050
17590
19855
15925
1402
11899
27589
23781
3797
22314
4305
23410
23058
30943
1150
13127
14911
20874
26068
14019
15212
27990
17170
3965
4359
11230
13674
21849
3574
27663
31871
2636
631
2779
21919
1775
7095
8355
2752
9157
8499
10593
30012
11083
11218
920
28748
24773
12991
29181
30534
10179
2568
3043
27542
6262
12024
18535
15998
3252
32308
4191
31373
29132
12184
771
26849
27403
13263
22873
19996
4363
20404
5218
31527
22975
4460
25094
11689
30014
31552
25792
31814
11090
59
18954
19096
1472
11911
23430
238
21333
9096
30449
967
20405
9654
6343
9996
31715
59
26038
6417
29583
31824
24261
330
19235
5207
11329
20173
17036
15545
11115
29323
22728
24189
10979
334
3124
24493
467
31090
21395
21865
28123
10339
7134
15304
25535
27610
22222
20338
16082
19158
26154
25854
31522
8796
28624
23052
26208
25072
26246
31778
29590
5071
21374
327
7559
11505
11435
28257
997
24769
17350
1872
12085
29850
6687
9414
10115
20225
9508
3053
18885
16037
20402
9143
2064
13591
17439
9218
125
29001
19204
6772
5848
21960
19147
24849
32014
26297
13308
25244
22101
11157
26182
18611
24857
28836
23120
28585
21418
9275
7229
15395
22438
19381
25345
11889
20519
19506
20583
20402
22189
786
9694
21670
6858
27184
31239
4689
4240
17374
15103
8277
6587
2725
2412
17677
5533
8377
14409
1897
973
31550
32114
652
9614
17725
7918
22311
18945
13925
10496
22163
12555
6529
30956
17329
12548
16061
10378
17794
2852
21912
9868
26501
6830
27304
1934
17364
19162
1297
23522
13053
32643
8131
5657
7585
23701
31351
20050
19407
6196
32359
28226
19998
17325
13008
4615
23692
14109
32040
10668
18201
3043
10527
10107
21539
20935
29784
18182
10368
27367
6628
14580
5469
14949
6531
16268
26585
4562
13977
2051
5729
2393
27378
19590
26570
11948
18741
2822
28720
13998
2857
23749
32656
7653
18347
15013
24103
25502
3179
14891
29322
19421
22378
3926
11650
21515
11316
24354
22445
18014
16605
11995
7381
6152
32444
31778
28943
32287
21226
18880
11156
25935
2681
11566
29535
14401
13940
10464
22922
8394
21403
24405
15721
12244
12763
27360
22115
6157
22415
26164
32660
26449
23673
29105
8485
27352
30846
16752
21350
10783
16933
16
6064
9368
22734
4670
17149
15889
30386
1798
30276
1508
9886
16605
16533
17636
6511
9066
18169
32258
22348
21016
3591
19907
18598
19293
16710
21602
21233
27847
5190
5828
1311
11211
6525
544
4065
3917
10978
32362
1437
13806
16459
15236
7725
29977
20359
9508
31325
23757
4667
10627
8995
11304
19837
16075
16540
695
30514
21310
17611
23167
21800
5158
1552
5834
29170
14208
1386
13235
903
13415
23660
25201
8089
5697
3840
7779
22967
22189
15583
1759
10018
27176
28364
2490
9327
27522
31635
10903
6368
4611
16581
29425
21379
24156
11056
22246
15880
10831
19233
6857
16739
1822
28761
1381
22566
5813
2512
27410
27292
19350
17708
23930
20645
15240
10751
3112
5460
28927
11459
8662
22601
26442
30103
10867
26832
7551
22199
19958
30390
27686
11965
27621
29935
2472
12954
25508
2537
26998
23379
5502
10670
25080
29563
26741
13756
17724
116
24778
16036
22619
868
4939
17253
21931
19961
351
2694
26022
26333
10706
28917
15005
14840
23137
19106
15132
4201
3589
12507
26396
3138
25600
23142
25579
9221
31656
22880
23260
23010
16630
23256
5806
10926
30158
17450
3005
28835
1036
18973
14059
13786
25682
23996
32588
12937
9620
2805
1684
29436
24928
9459
5184
24917
10478
23611
1927
12035
14060
6792
31743
23043
29190
16487
3344
18905
3127
8339
25625
16461
19154
21774
32100
6630
17231
18947
20426
6696
6358
6751
17189
16269
1677
6697
8570
23364
17058
10917
28387
26795
1559
13357
21566
24718
17744
25034
2200
1053
25950
31381
25943
23471
31241
29904
4393
25913
22687
7875
28080
11916
2943
31064
13290
22354
29285
8310
27490
14022
7027
23838
10264
8502
8451
15686
15153
2362
6190
19832
16991
30898
23580
20522
16910
7553
16906
3804
13908
26123
540
8436
18069
26991
24808
17497
2041
6020
26046
9169
31375
27797
10681
10011
11582
9437
2951
10444
13424
11201
21495
11754
24444
17103
5959
31562
22743
7291
24363
9385
7419
26259
27037
29069
29715
135
2152
13273
23147
22875
28018
27699
922
12648
28620
22550
25708
15318
5499
17846
28562
23513
28164
18839
28937
31150
2489
12780
13386
11092
6598
21424
24886
11531
1274
3462
15296
25998
32087
7249
12888
29199
25176
7571
26395
30199
31748
23430
8124
10842
23223
16124
18480
26940
26539
759
29724
12422
29257
1544
2815
22726
17970
21864
2847
31658
5644
19928
3892
17978
18189
28216
727
13016
26952
14313
12713
26361
26810
14564
7491
12449
17172
7063
17889
24480
20038
22659
20941
30350
23504
26007
16269
28551
17607
32586
3788
4263
10921
26490
3081
3140
30946
13831
11009
26862
29466
5934
7133
27944
23621
5031
1820
2787
616
15999
7230
1726
15148
25779
24374
22272
7460
6800
24717
30289
478
17101
19542
9787
7339
27492
31701
23909
12846
7221
30190
23945
15527
29530
2639
11578
2301
11080
29533
29016
6285
26282
10975
25166
21429
24061
23917
22802
22815
19180
10390
12250
30157
11625
4052
29343
4585
18063
21553
6995
7754
25915
6837
21985
20166
24676
3478
2024
11578
23358
25631
6200
20826
12051
32092
12808
18745
5852
31115
32765
32407
30882
32322
6876
9454
26775
4447
10249
31803
16883
14004
25543
29837
29072
15471
4910
32335
20036
25163
6635
4949
6914
18297
12218
17575
3759
19276
29093
22801
32197
19623
19194
18534
426
29735
29197
8088
14798
29967
29874
6521
647
28919
4217
30799
15788
27188
21159
27674
2291
28934
15353
4516
32267
30596
25624
22093
22648
30792
22747
19603
7474
23514
13631
15716
8189
18653
11302
547
647
19196
722
29564
2371
31890
14113
30952
25096
7964
19846
1279
14440
20063
715
2689
13265
14936
23945
13858
15206
5096
23394
31001
7067
6204
13829
12391
27027
26366
31711
29928
16441
3901
30882
24603
13088
32541
10615
20913
4891
16958
14594
471
24732
15085
16153
27715
1997
16909
16452
24576
17008
22979
10484
16378
15223
24292
16516
16457
20578
25888
20464
11325
3165
10731
30808
302
14613
18991
30003
27136
8542
9907
18002
26488
24966
9033
32155
12610
24950
11450
11395
7102
21646
12658
11592
3726
23358
30956
17396
22496
8805
1499
21266
26748
7274
28445
8237
17549
12315
23393
25612
13615
31048
2962
8880
1724
30494
8202
1802
24534
17477
1144
15996
32052
13497
11917
4118
24110
30057
7017
11149
11782
2449
14281
27642
30204
16856
7917
2649
25616
2345
23626
31676
12949
9041
7156
30546
31866
14685
30154
24603
2648
20401
16223
3689
25659
489
4267
13590
13360
8304
26486
24199
17811
3041
5504
15715
11541
27168
25969
19731
25999
4407
8835
32250
28042
17394
28401
26993
12682
7227
5407
18825
20255
16179
16262
12416
31913
14100
17253
15359
8686
3785
27177
16409
27997
2890
26009
9732
29215
7865
23233
31381
6883
28990
12196
26749
32102
7075
1953
6726
23237
28590
6817
16395
22658
27202
21254
13562
15960
11060
24147
139
17599
3822
7323
12157
16445
17862
6827
16533
13683
1308
759
8470
8675
11830
12613
29951
1410
1755
21787
9991
30977
24497
20201
31833
23771
17495
13303
10255
27935
4417
9485
6768
17915
2903
25572
2026
9484
21837
21327
25550
29543
24256
20009
19150
25703
10518
253
6454
13621
32274
12920
10477
22808
29753
9871
29483
7810
23784
2160
4599
6358
30770
1834
23912
23290
2683
4379
8344
20129
12246
23069
8806
13397
2334
6256
32244
6215
7894
9317
1756
18391
5569
26320
13616
5089
4417
16939
21816
27597
24432
25226
30443
7509
19200
8259
22825
17685
11987
24921
19646
15316
10073
9645
19223
3220
32173
10723
15554
16219
10351
19733
11175
1216
32351
9530
23816
3636
30398
28244
3898
7958
4965
16477
22305
8821
20642
14319
22892
20898
14037
32182
23446
14205
27087
22678
26776
7293
20966
13979
1390
10108
15064
22692
12624
16200
1125
3279
11693
30954
16554
9123
18919
7860
23615
3072
11986
7180
11280
16839
26090
23035
31996
31561
6230
22645
303
16753
16800
4198
14144
24240
21042
27265
9993
20651
32144
22215
4170
10407
12375
20697
26365
1712
27129
23807
14711
7053
30261
18932
23619
23907
16985
17271
30654
23339
18999
402
21362
23253
22761
8361
31539
11833
6468
28226
6651
27330
12829
13974
9862
28633
27198
24283
15789
26643
4134
22607
18052
12569
8580
14340
15410
22107
28274
32623
14739
2676
13426
25006
8847
19291
27945
4508
1848
7503
19677
25751
7334
2177
11440
22028
26514
17790
23706
14279
29877
17507
6440
6908
15070
31423
8438
15892
726
9286
9709
2873
28916
25147
5693
29600
3198
26011
31001
13209
24774
4106
23349
19288
5121
14207
1793
14465
4070
30894
1186
15477
6155
17465
7605
15199
27134
4757
24771
32765
17190
27325
24706
28719
26712
10138
10961
32321
2872
10285
13169
25336
10582
22146
11909
27742
16644
12629
5832
27981
30713
17537
23440
6589
4007
15404
29318
23503
17244
32436
18722
28053
27674
31064
20969
17319
1591
2982
10598
5223
29877
15784
3818
2063
7775
11470
11523
23935
16552
23450
28093
4041
5187
20494
22171
18552
8065
11477
10323
10916
21103
12595
15949
17078
18603
19374
27098
9979
19722
11130
17716
5355
31468
31909
14906
5943
6490
15111
14568
149
3044
18407
22936
18251
30012
11886
26362
3453
26514
17100
3028
25142
16047
2092
8314
1847
32721
2392
21517
18307
23369
4140
11635
10918
11221
26556
8218
4297
4030
5445
12396
887
30641
13268
25616
18221
18270
24248
31207
31139
25554
22185
9665
18653
19349
19893
19427
3824
5251
1518
30777
24213
27498
11989
3419
19567
29033
11653
26434
284
4867
15263
28103
24573
13574
2297
21215
20166
21278
19461
30872
27077
27704
27907
15058
12530
22680
14310
6334
31162
26041
16647
31256
12683
21480
26764
3108
15646
4511
10391
29290
136
20642
6702
18225
23552
20699
23789
10172
10606
31990
19821
18502
1720
13500
13939
19391
30923
24880
26841
23365
13163
11884
26172
14689
4539
1849
2667
19718
2956
11887
24458
24650
13158
4626
2314
3809
2391
13353
29001
8286
11901
17758
9736
18986
17749
19799
3984
5440
2754
31959
28324
25518
29661
1427
19749
20939
23679
5077
19848
28473
4751
17874
1272
2969
18956
15564
19530
4881
17881
9192
13221
13951
16716
18637
1261
23418
26229
8704
244
4109
23854
24322
17247
32306
16103
24102
31066
6928
31534
9268
22267
3572
30977
12736
30583
2833
212
21063
5127
7672
15200
16654
15768
8149
20786
16315
1333
21871
30447
31408
16181
28893
29287
22315
19748
29449
25697
1823
6770
10470
25377
32463
14302
16497
12729
10288
16800
12649
8213
28668
31833
30157
24516
2198
21691
19994
22918
32417
11768
3393
20379
31582
10987
10346
22726
20681
24073
1643
35
11123
3078
19207
5550
1566
27975
6631
31631
15130
6666
3416
31783
20322
3415
23754
29915
21365
27302
28420
24995
30198
29261
21544
5457
9219
20656
25451
10914
21333
13351
30864
31238
21020
21933
3369
8239
14488
24654
10637
24923
22647
25423
27032
30050
17906
15130
4389
2175
22182
7408
27724
31966
12850
12621
30556
14569
20630
26906
2711
3666
582
31125
1456
1504
24081
11008
14085
7163
12469
26125
31388
14838
19006
11268
19679
30750
17699
26042
19736
29830
8990
13618
27563
19088
23503
13840
16405
30524
14607
22722
17064
13872
7445
17516
26115
9099
3659
27543
19539
11882
9454
16282
5197
10294
13928
11972
31207
31924
23149
22862
18137
24266
9687
10500
20183
30226
14146
14253
29579
22816
29031
12351
27732
24724
32569
5828
19905
7902
32193
8970
3276
2260
26554
6669
31190
6901
7916
21029
28518
1915
12105
19952
12449
14626
10185
6653
13193
14011
9477
22845
21238
13167
27029
11306
9300
22484
8235
24244
27938
4017
9068
2288
29734
26769
26514
3712
10864
19722
25026
10432
26646
10443
2350
26550
14505
16743
19947
21942
29561
20451
8591
10712
7053
9984
28050
13595
17249
29258
4962
30294
28765
23005
21059
226
14874
5882
12013
8713
8532
17741
14563
28973
23213
31996
18837
14008
2343
367
6453
21959
9311
4322
17753
9365
1674
8364
9557
24489
24113
4684
2134
9152
32684
11576
14655
6776
21088
26982
25667
17857
21944
22167
14919
5635
31204
11366
28149
14095
18516
20244
26272
16328
6131
21776
17627
12430
18724
22857
5335
27757
17789
9780
19072
6410
16198
1436
25431
4425
27823
16685
18957
22207
15061
8126
22501
11739
13427
27490
4039
20691
6248
19501
28451
25936
23533
966
28811
8408
5266
21937
7183
18431
1533
10329
16727
29773
20322
10976
14211
19694
29889
2983
16067
7708
16355
2972
24501
31565
13586
31302
25730
22556
6043
26258
18358
17400
14852
4187
13539
13454
5646
26299
30454
2807
26729
7956
28756
16289
19514
12508
30908
24831
4685
16940
15580
20720
20506
20744
31664
27888
25209
9580
15774
3329
24613
22555
24915
1367
14322
31271
6747
5830
30414
10559
15746
31212
29049
7355
30446
28958
19972
30569
17913
3347
10507
27157
23248
4179
21170
29402
12749
7517
24416
17707
2196
7067
2110
9889
2287
32518
5998
19586
17770
24217
23563
1557
25518
1399
25061
16296
4254
27355
26873
10845
6707
15555
22706
5305
19224
26972
10978
16363
25604
21292
2687
15836
20187
7170
8734
9210
26500
12957
22063
7876
30344
3871
26366
12822
14704
18992
13925
12850
5339
31473
11602
16786
19553
1959
31996
24432
23595
21796
14308
21265
20559
245
32398
32725
13804
4685
15356
28160
521
19892
11759
5190
2606
5999
13533
11800
27328
4270
10161
10929
30493
23416
10053
223
3964
12631
11679
29586
30850
14531
21743
4902
4259
17743
4676
1904
32574
28309
24594
28298
14711
10722
5220
23647
30932
21154
24289
18165
32663
19850
10880
27517
18141
12935
24331
30748
29307
10602
15957
1655
9876
25936
22842
13057
6906
27347
22619
23812
2122
3314
5271
23408
19142
19648
15176
12902
22256
2000
31298
5508
23532
8540
28556
17135
12179
4663
22748
801
24662
2937
16084
22904
2265
6116
6143
12666
16715
26648
8074
5353
19079
13691
23490
13963
20204
26598
4177
23990
21757
27152
6200
32413
16311
22715
25484
2909
30902
30880
5360
18887
8198
7963
31446
14827
24010
31127
24692
22889
12687
24503
29320
20343
23406
7241
13261
19889
15075
22763
15672
12708
16240
6267
17915
13080
18161
27712
12087
11041
1470
20442
3967
16356
21635
22506
31249
298
32734
8064
32211
16806
30141
8264
6159
14598
27766
24948
5870
15036
24483
10600
10166
3465
32451
7721
3267
12238
27026
131
14150
5266
22052
28156
16577
9554
31939
21883
62
5260
25998
2744
14162
19722
29646
9315
4821
2543
19223
4372
31582
25475
27171
3829
29057
23742
5998
29233
29128
15766
31633
26139
7282
17928
1375
5407
7406
1512
29633
25449
3349
25961
8529
10327
20523
10860
28089
4767
8596
1673
24778
9024
21334
31198
25435
27434
30802
5786
10728
30636
30274
29000
11494
6561
15217
18908
19175
29530
5181
14719
28786
31050
23630
28954
24992
20852
1940
21668
375
15765
16130
32556
13062
31761
3340
31653
12356
19358
21985
15989
29353
32178
5992
11196
2442
17325
11516
13924
31285
8902
4840
25581
1489
15031
26017
16630
28914
19240
6342
4746
10495
9181
8664
20528
25412
27550
4793
12977
4566
27114
24550
25511
18986
16218
20084
6602
31092
14551
17868
11770
705
10619
294
29964
8915
30536
23750
27220
13760
18059
15097
30455
14921
28686
15566
25069
12027
11776
19093
13528
9479
11173
10265
8584
9442
25534
4253
13387
16541
31158
5783
24309
28674
31121
17198
10418
4722
10900
12661
3726
12929
24757
8549
24769
26446
30913
16028
10428
28580
27471
5848
25588
25298
8808
31794
8049
4938
32243
20250
16405
32508
13027
27670
941
26992
28959
14650
1721
31653
31796
3942
23292
1453
8893
31554
31426
15877
16526
4602
9460
6838
14243
21946
28124
8236
3019
26088
4281
16857
3348
30501
19970
12425
15605
20225
25210
12932
23102
16256
25337
24933
16320
24145
2292
27069
444
29640
15313
10343
30220
23968
25325
16809
4883
24947
19561
3599
20838
10997
13496
30984
31799
29172
15081
11581
7301
1040
19893
10933
27398
11834
23880
8874
29903
16877
24015
13608
24265
12847
26310
27755
29652
1094
31487
4598
27064
4155
17777
14707
2256
19728
22214
7502
8821
9408
12194
10511
555
3067
9141
19835
17806
22942
24959
31338
18171
6644
10982
23143
1789
22959
2681
11274
16510
9380
4482
21780
5034
13386
27342
2895
29602
2544
20027
12067
17126
28866
8454
13304
19071
9082
20178
12879
30703
4581
10103
32672
3545
540
19856
26609
13168
2432
451
25915
3745
6514
22222
28796
21760
7127
6743
18587
32628
23375
32368
19200
3233
13104
20459
14832
32280
17220
17764
3241
31809
9031
13063
9537
19716
21023
12069
2111
2362
23769
29563
29174
15575
31080
1852
26021
24019
4380
32228
4688
17885
30435
22204
10588
6847
17731
18731
749
20879
8211
2499
11264
14491
22013
21511
14919
13330
7603
17662
456
6514
27380
21112
2100
21941
5949
27427
21000
19003
23120
2893
25957
3190
20070
21110
7856
29783
31795
26013
13033
9596
10910
10823
31692
32534
28221
9807
27050
7836
13458
4209
14084
24881
18183
23957
14828
4054
427
22235
28444
8783
14762
1130
6867
17623
3982
30969
7027
3203
10552
18969
18908
1654
3996
16713
902
3530
11328
4536
14945
5177
8818
7896
9836
18831
76
8103
29975
19920
873
10940
4698
23081
28004
30484
26513
3223
9237
23962
11294
16985
6538
26488
9149
11542
14279
29984
26277
3790
19518
18969
3940
18563
12044
2442
27256
10147
8697
28551
940
7740
9006
21279
11577
20958
12212
15649
23704
11599
12721
8114
31016
24818
5729
31376
30852
32244
18389
30756
25762
6203
1646
20297
10156
6927
24089
30175
14750
15494
13128
28686
2980
15282
9139
18522
19761
21897
14035
31851
26335
7319
6683
27290
18186
8037
25845
3131
23594
2471
8320
2221
22772
11305
3850
27938
7728
6008
28495
5423
26201
13648
14191
4115
3830
3273
945
3783
7099
7488
13562
9930
20318
31750
31499
30121
30267
8395
18045
29008
16039
3273
24190
28947
15124
14512
5705
15228
27113
30036
24167
9426
24350
11033
11687
2670
27547
9242
32222
14013
24142
19740
22623
31252
15118
6453
11833
1079
819
29756
30771
19111
27633
28655
23176
1967
7801
6119
18531
7725
24014
6204
25369
28193
11879
8952
4392
26103
23434
16444
2291
23700
30307
30004
19259
34
10983
28092
18781
26012
1643
5327
13134
1304
3075
18356
10582
11992
12955
4071
19855
17679
10455
4040
28957
18035
31404
3590
22827
30086
29883
19401
22441
10405
24945
4514
13254
3789
31711
7987
7727
30000
13402
27037
11525
22908
8914
21678
7073
21734
17139
21191
18951
11256
22013
6031
14379
3872
1636
18778
30950
22516
10535
23895
22710
20294
14577
2683
13368
18412
26353
32561
14951
6732
23929
17854
5778
19626
4184
886
15903
29745
14072
32417
24065
6850
19512
5930
9210
13696
12295
7693
24466
30744
18117
14206
14035
4305
12890
13274
27337
6487
274
2895
26557
18503
28223
26698
7467
12153
4237
27811
22921
4881
4643
7563
9655
9541
20095
8753
23620
13035
29198
16695
30823
3274
30606
18648
22712
14749
7972
19925
29105
15590
15164
27940
11240
32377
28452
31832
27146
7876
15208
21711
29335
17375
29675
9629
14687
11095
31690
30779
17600
3258
25329
21488
10908
6370
16761
11259
24861
8706
27848
1157
24360
14450
25191
31306
18594
18490
1185
6401
8805
864
1249
11408
18945
9457
6089
30961
11571
22737
20242
1250
32037
21572
13606
25423
22891
27448
1663
10112
11962
11864
9405
28674
17766
24017
8074
13398
15266
15586
28462
16732
26485
4646
15601
4222
23678
24737
21812
26013
4457
9612
8014
24507
24877
9953
14119
26733
25611
7845
1175
11774
23622
20216
27772
5219
12963
19165
30621
18659
16031
32714
2882
25731
22131
19439
3983
18739
25288
11590
8100
9657
29242
21855
8055
19553
2191
11753
21356
18529
9652
6655
21945
24078
16507
56
1404
25025
12566
26989
19353
4487
18259
16456
20821
23948
2197
32146
1204
19269
20886
19769
1682
24415
22494
30754
24196
14954
18178
7860
4204
21573
30109
4128
28638
584
28176
19058
19766
13364
18169
28505
22645
5083
1908
14774
21984
29583
4884
16359
87
14156
22944
3792
13686
9381
18061
27053
18285
17775
11327
15003
4256
18735
9984
32735
9469
4420
13244
16893
15649
21460
30338
24186
14122
375
27835
13163
18778
22950
1832
30662
17009
23010
26525
19557
29639
29604
15999
20953
8491
13575
1023
20212
4734
20535
2323
13333
8975
11673
7225
1841
27318
29880
15851
1190
23727
14322
8417
192
30780
12007
29193
22023
26361
11165
9287
27726
9469
13939
15340
9341
3765
31948
22008
13593
28801
32375
26384
17304
29707
9696
28221
18023
1900
14072
5994
31671
6653
16614
2460
267
19197
32362
23791
22403
26087
20757
29780
24806
18577
17195
14092
8560
3844
15443
26083
21089
8479
21765
2093
4418
32234
29872
11394
14325
24763
9902
31033
10628
7179
20968
18597
8102
17941
16201
19730
17680
4916
6884
30845
10370
31226
23524
9239
21645
32015
16183
13176
6180
14032
16634
12195
19434
675
16547
5566
8245
24604
15344
21902
16357
27601
19603
15284
21480
2557
21658
17321
13192
7895
1440
3451
19835
28848
11957
29509
5545
4047
32014
31343
955
24589
7021
7339
28264
8239
23631
9386
20350
2822
23255
6818
15538
28232
15997
31873
8489
21293
3446
15854
962
5321
14818
19460
26154
44
21944
4301
2205
23099
6513
12928
7804
26445
10615
2683
16276
20613
17996
4095
8744
754
21370
12973
27076
25703
24895
24772
5825
31259
9460
13592
25239
23809
3137
2257
5349
6118
22275
25833
7490
19276
25592
3939
32193
13064
7216
12364
21062
27037
10548
19059
140
1367
25075
999
23794
27431
6768
31285
20488
29506
16941
7774
18653
15224
32086
21658
2054
17237
9390
21456
3951
11769
22586
208
17121
17847
4271
16726
1367
7536
23453
703
24320
27566
11864
28809
30740
31615
31657
5772
29783
20247
30777
27386
31598
20517
14777
31768
31205
10737
7378
15801
26364
10554
7632
12927
6964
15826
4110
27857
926
31221
24607
9115
15838
11118
19649
22216
26882
27240
17026
16257
14085
14869
17968
2082
2849
5888
6658
2049
12504
3891
2439
32478
30657
16392
2130
3112
16403
21967
3938
24053
17395
26917
25940
21439
10621
22031
15688
4319
10644
26841
22675
15051
22378
31921
5929
24336
21710
26626
8904
15629
32568
21138
8421
28533
24982
20826
5975
12674
30420
25641
28614
15354
2350
12535
17874
30179
14901
6410
27651
29957
32674
971
21363
2596
8414
31589
16957
21754
333
30499
1188
7158
17246
28550
1283
25527
4180
6185
30329
583
4305
23381
32336
10776
25127
29540
2097
10431
5214
15830
12554
21874
32005
9269
29883
27459
27321
13993
2691
19225
1399
21594
7213
24947
26529
32136
17402
11229
15313
11116
32077
6702
27489
18894
29721
18310
10679
11875
24331
18187
26705
10732
20599
94
32660
3855
10755
22495
6228
19188
7957
7846
8738
27551
29181
1596
25177
12304
22498
5149
26599
32284
12142
20718
28636
23049
30265
12158
1716
15340
10486
26494
29285
24259
31328
16384
12583
25938
3298
1458
6405
28862
6921
10455
25640
1258
15018
16137
13790
22165
9938
25776
25709
24368
15474
14913
5018
21120
5575
31031
27640
20984
28811
23762
31473
31188
19165
23186
1942
9205
25329
26226
26662
31872
1399
16101
9312
17461
22220
31889
28809
23695
739
25038
19772
31136
32754
9693
22516
5547
20444
14312
6234
639
27745
13758
22095
13462
18952
4683
17593
9201
7624
10200
3342
24241
20857
12808
1954
10613
21245
27534
11440
18807
10797
19375
2602
21605
389
8059
19009
8705
3472
31435
5811
15223
32530
15609
25815
25730
27639
9570
30313
6717
23294
13213
6934
9161
24101
20344
32454
4260
26579
29878
4269
16580
18120
24203
20241
21111
29893
28371
985
4602
9210
19734
15833
18139
14132
31037
4831
31503
4291
19984
30333
6098
25644
12151
12692
29762
30355
24685
18085
12730
31207
15555
20183
495
28363
21146
7112
13005
14663
6046
10772
7183
21555
13827
12454
19104
20319
11584
22721
1461
1155
17038
27341
2471
12010
32031
31714
5265
20957
10783
26646
8366
6608
9323
9606
26735
9295
23572
15399
4191
23206
22930
28234
4791
19283
14536
24048
18624
11820
22459
15059
11757
32592
13586
17713
14516
23759
14925
12631
25904
4889
28101
14321
19832
1063
18536
24339
27581
21867
11056
18438
25125
4216
12392
3539
25707
8817
21662
145
7987
26163
13159
18799
14638
9538
21461
17281
18930
15220
16569
5451
25238
18784
26777
22286
1041
8580
368
20948
8016
23608
27688
9021
31513
15958
21464
21000
7074
24230
1213
8033
2032
13836
14074
8429
2289
1649
18704
28566
15960
17521
9755
30486
9532
28617
21458
12869
27760
1662
25660
24611
12960
32462
18227
32165
2608
29656
14234
4160
24276
28938
16477
3382
6383
2126
5421
27043
6829
7924
15097
8006
29407
7518
15403
12816
24985
28013
25767
623
2701
29615
16772
30807
28966
28485
24712
21269
6756
27797
2918
10707
28794
14005
31414
26858
17449
29586
15544
22507
2011
22244
19401
29803
8318
6098
4257
11666
26662
5476
19538
19554
15969
21932
9728
5320
16985
19380
22625
27493
4781
4134
15092
3097
12044
30910
8960
7507
22421
14960
22611
11291
1522
600
6584
23772
23598
12646
27957
23795
9562
9926
14345
24824
17380
17680
23144
15311
10674
7732
19188
23149
13825
29219
28155
12394
5377
27710
9331
24907
32044
19327
20150
12941
26218
24938
16126
4721
5862
5041
22430
16267
8622
19626
20742
23816
13069
1649
25460
32706
18088
23773
20603
5
9051
21027
2101
7199
14545
12876
26183
14250
15077
16728
17049
17304
5820
8240
20946
6915
7583
5197
4502
24754
409
7721
15487
10602
32724
2664
476
32507
21684
27078
32044
2054
21936
7104
10585
24719
19701
22530
19380
28486
29369
25235
4788
17301
8287
22210
25710
18536
6480
13520
6356
22464
1427
7770
7085
31479
31282
28045
12888
25553
11085
4872
24896
27206
9211
26255
11550
6930
8164
22134
13298
8952
25247
8648
22975
8922
10444
2362
1289
14458
3825
8914
9999
18446
2581
15447
3017
21125
19998
30839
11680
25756
15851
4795
2287
27295
16689
30251
11070
29952
7190
4800
31288
14745
9359
7566
28274
24001
29050
10158
15835
21776
24443
14316
12801
24818
1943
21302
9737
31982
913
8127
26731
17332
7175
3830
31858
6376
15436
14890
30575
9137
18437
24058
30144
26112
11906
8318
25476
31905
22498
3638
5403
21507
18405
31158
27488
24006
4751
10767
32678
4873
32386
1021
4979
20337
28953
6610
16383
20730
68
20005
8554
26749
17958
30009
31169
9989
21104
8495
1967
5074
21883
1260
3331
14121
24872
6600
16613
1505
23416
29692
10712
31150
32490
29128
7023
25132
1176
12647
21455
15019
21520
31155
29928
4285
21747
408
21874
18304
15952
16954
26025
17324
32702
16358
9161
19547
8251
30138
23625
11420
11975
20499
12759
25014
8384
25017
10518
25148
14844
16332
13338
18901
23208
12398
31135
30152
20195
6190
21517
24138
31770
21047
17452
14471
2081
24381
21415
11634
22038
5923
9026
12621
29942
18796
8411
18423
23548
30824
8482
16889
4286
6938
22807
15951
4869
4588
29512
31990
10863
14866
15560
20025
29126
19390
9710
10940
15391
28424
4819
16453
12211
13211
14217
32590
12925
22305
31772
30027
1175
1644
9289
32699
9301
1385
14080
9201
22558
27077
24987
6047
31246
21596
21212
17959
24909
21862
18857
24226
1326
26464
21382
13996
13831
11452
30422
3574
2003
23624
17617
32393
19080
2142
3908
9691
11321
11473
15884
21139
24812
12178
80
17180
27705
16422
21890
16619
26791
16840
10771
9361
26822
11357
1017
3712
19980
4124
31457
24733
12656
10234
30772
17545
14792
9942
31436
19119
31715
11113
23155
28173
16486
1771
18207
2243
19303
17030
32752
1374
459
3964
32229
22753
2144
3607
3682
4503
14521
5972
6498
1691
1997
30030
3964
29731
14926
13932
15255
4241
715
1866
29804
26168
25989
16232
27072
32238
32273
3221
2399
9814
689
26905
14295
25578
8563
18597
22778
21963
4871
10235
25617
6984
32609
27485
32736
1584
4115
14263
25182
9688
19560
12939
28721
30443
6976
21664
22507
17396
1710
15210
9479
684
7506
9528
1698
14853
3447
1056
17913
15603
21997
21418
10406
17917
10405
7487
15002
16263
23310
22352
15321
17628
50
2886
11768
10238
2191
28204
15704
2093
950
22558
544
17721
24486
18033
21756
23432
16870
21664
13207
29927
22116
22521
28889
14865
12304
2571
11488
12543
5944
28110
20672
13301
24994
23441
2555
19785
12395
24484
447
1010
12194
22473
19426
25812
13219
31579
18846
21709
20533
14908
31756
30591
17763
7808
609
14044
24091
7387
16364
14195
7304
32715
26059
17788
20527
22916
23664
1700
29131
10400
18648
31897
24809
7043
10629
9301
24387
7823
18240
15915
26078
8461
30096
2707
12258
15574
24312
1974
5949
11461
22772
31672
7926
15836
31666
22471
18257
10041
31121
16360
1960
29879
29274
17276
2564
28771
15936
4757
1150
13989
27801
15355
19544
24874
29274
16380
32474
29844
17493
1015
23534
31969
22833
29351
11899
1180
20269
21808
24193
21190
12692
12523
2297
7041
6655
13810
14698
3970
10573
2666
8523
30260
5219
32403
26908
16045
16548
30097
30531
13138
11311
3832
18599
15432
7643
23833
14094
23713
22772
13326
18743
22083
20658
23943
26807
8344
6013
15699
6548
7672
1507
12974
4003
15318
21845
16973
15777
27052
10917
21802
14868
4775
19520
6159
5599
1554
43
18405
168
31364
19902
30394
22250
6090
7971
5523
30169
13202
32398
20215
28921
11484
27450
32312
1404
4640
551
20352
26464
32320
30356
21663
17477
22572
5694
6806
6159
24919
21847
3043
12096
16093
7749
11146
29458
26993
24863
29928
23383
12296
7912
27703
8721
14663
27785
11232
5329
12205
10640
31364
8144
1152
26283
13768
28367
30073
14306
7652
16302
16686
28312
19947
17102
13891
30528
27864
9512
2384
22238
25436
8234
7569
1092
8810
11093
11345
6410
18046
11160
30483
5706
9137
15466
28805
14624
1662
28329
2085
6885
13650
6453
1200
6438
32469
5963
6479
16742
24827
4259
8577
15512
5321
10057
12231
30299
2791
10045
23313
31731
9451
5065
30443
20235
14175
11940
8807
10285
8344
21707
22985
25853
54
19739
30453
7737
23418
25775
19609
8561
14923
29948
18458
19077
2310
12205
17984
30947
19209
19519
1696
7293
27133
29533
27085
5773
11751
1017
26173
27144
10734
3630
24573
30691
10730
8153
20245
17160
27824
16113
24761
30743
14112
11690
32564
13533
3051
21582
27796
19349
5157
27862
23574
32225
1166
19531
13904
27526
2976
26079
29729
12522
5208
25546
15448
29007
27077
29157
12327
18637
1873
5641
4678
25105
8658
12838
13542
11224
13648
3106
23132
27177
9108
30583
29834
8021
12149
31883
28429
2223
24802
6606
28712
11020
7598
31382
15475
11001
799
16314
10563
27839
19508
13808
18904
14359
20666
5607
17226
23469
26893
10787
29488
3159
17071
30364
21781
31762
29066
15894
21148
25793
18949
319
27245
676
20425
21386
23014
15001
17744
8654
13699
26646
10290
18077
7177
3810
9775
2149
28789
27798
22267
23881
18088
9687
18125
4285
28367
2896
7590
9956
19348
12914
28513
6569
24326
24043
127
19359
14921
29159
2992
19609
15357
28681
21537
19465
18799
14120
4233
21785
28290
714
31473
12427
4187
26209
4422
2129
7888
16455
21151
10475
28814
24699
1359
31876
13836
24345
20906
7116
12083
24219
15768
4244
4042
13778
21723
9771
16035
15778
2592
25466
23431
16000
7367
2785
14306
14765
3954
15312
11823
2607
31567
4646
1058
6548
19494
24394
17303
9318
12577
22794
13885
19053
20063
23094
28673
26279
31543
4347
5181
27400
6476
14081
16797
15346
20565
12100
20693
18290
15017
9651
20997
21568
20109
3210
29927
17525
4158
4976
18366
18442
22717
29776
30974
15124
15709
12791
1980
11202
25613
9330
3796
17426
20582
28453
5852
4950
30067
15531
6860
29546
6212
23665
11113
1458
20273
7698
23926
982
10735
1648
28314
24637
20052
14998
19728
29258
5610
15440
28176
10841
30773
21640
7937
2424
19908
18271
15707
22757
14330
11791
350
23884
14746
4739
18292
445
19476
10419
1127
13935
32145
16833
20547
32567
25536
21717
13321
28102
28510
14777
9752
933
27784
28979
24923
14322
15296
5926
819
7384
4033
23143
7203
24783
15362
5728
7998
10137
24588
27239
23633
30456
31612
27356
28880
13103
14039
18437
23425
26431
27922
1705
7914
21726
16860
9838
7804
2103
20657
20978
8828
27493
16543
29868
11957
5549
18647
21121
6111
21117
29171
32038
973
7208
8201
17208
16474
1631
12659
29980
7442
21615
15964
7064
13215
14141
17675
31790
19194
28417
20207
1852
16717
19653
23151
3029
10410
20380
5486
19805
622
22947
13472
22247
17779
14521
29583
10318
6905
32510
2412
6421
32338
26380
7830
3327
11087
16376
3820
22125
1901
7431
1235
25212
29119
17712
14598
2779
9627
7766
25376
10605
7172
4162
9963
18850
6107
7010
2662
5013
18628
8003
16536
19685
12505
3280
21783
2901
14609
72
1111
29987
8303
32512
19636
11049
12778
21726
1085
14516
27935
19857
32582
9511
3513
17809
5036
848
7580
20186
1254
6790
32212
25960
9425
1415
4673
28529
13624
25363
31742
1381
22052
29767
3734
15782
3305
17595
27622
30727
12269
14427
29392
25862
17207
6918
27812
17609
4539
3560
9551
6619
3944
28311
23105
19363
20461
5104
11296
29864
7759
31920
32558
22663
300
19409
30330
15791
14284
11947
30154
9955
31725
2246
22084
10349
5195
384
14814
21795
1009
20323
10635
32539
25154
23875
27171
18477
10182
9498
13326
15917
31670
23716
14776
32485
20038
20410
10421
8149
19381
1136
4527
21930
29717
1261
25363
6014
25562
27405
25215
14805
6437
2488
20714
15699
16846
20480
9617
19775
24115
16893
2981
10680
17604
9064
3766
31161
21066
12282
8669
16590
21242
32130
28076
29843
28733
25545
4310
28146
12093
1573
16287
12824
19503
23263
28162
20284
32355
19526
28836
18703
28941
20368
16507
20737
31953
3444
19773
17978
28176
30855
2699
14675
25589
27994
9178
28632
5181
14417
805
9087
32714
7490
5717
31013
25575
15569
32619
27532
29785
29582
7027
9686
10794
3787
3113
2496
13109
29502
12392
23968
20080
4444
14166
24093
8444
17264
14929
12208
20462
29053
2456
27613
27355
5849
6074
17970
29478
1414
12223
1276
3081
847
25111
18892
8036
7335
21574
26029
840
18753
24397
13602
27715
15982
10455
16354
14441
2875
9001
6226
24359
23110
8134
14022
4551
30052
24805
19576
22722
26357
21908
19012
14793
21761
27816
5929
12946
29211
10859
12928
5219
8178
27909
15866
3167
8119
2982
11099
25747
27699
15481
2552
18880
6564
27976
12273
8678
22363
31471
15151
16277
28438
29570
9756
32243
24094
20286
27685
4492
25632
19504
31217
6621
9164
22695
25950
16286
12591
14427
10560
27603
10705
20570
24792
25489
12942
17846
16150
21649
30516
23280
15759
7798
2018
14371
16188
25822
12315
2544
8952
13866
9133
9005
440
21262
7492
3404
5255
25303
19149
13197
32329
8319
9100
5348
29996
19570
1020
10408
2029
28446
11114
25088
31440
14397
30544
32269
30812
1762
30834
2263
4570
26181
15802
17657
19340
2894
28884
25100
12462
7906
8329
11733
11054
24817
21724
11310
6954
28732
18663
16821
27181
17127
26226
23862
5673
7106
24408
19417
28724
2135
154
9227
2819
13235
6976
29485
5415
6645
7924
6655
6921
26776
16988
971
27814
6016
21818
9297
8971
1734
6214
26741
400
11587
14023
1451
11988
9182
15859
21534
380
6550
11788
8099
23722
31822
311
7009
22591
25180
17434
25660
12497
207
7229
15878
15211
14980
22558
30565
22791
5096
25873
8322
9676
6026
18142
118
24584
30568
27929
30069
17132
30453
575
11192
20745
27117
4245
22316
19086
21465
6337
23516
19262
29793
30245
4383
19508
19541
11519
2945
1367
26490
32321
6514
27291
30484
23857
24241
16636
2360
8897
14966
1851
26830
6828
25698
11863
29288
18005
27687
24010
27078
29023
2039
16265
7205
29707
23982
4025
23372
16213
12990
27697
7508
3790
11998
8115
19770
23608
7538
25834
6182
28899
22969
23843
17272
12490
20920
14027
22424
31596
19434
16301
11130
15980
23460
24296
7411
5608
12362
12977
447
5785
11060
19918
7502
7599
26717
20685
10067
17002
9681
23304
12042
17784
13781
3930
26443
6674
26579
10399
10067
25812
5132
23021
11342
3168
13820
30356
26532
14259
16780
7638
26120
22082
7930
26214
6977
3548
31113
17826
7862
10815
19688
11920
9404
27255
23907
9370
16544
18426
1739
15881
15219
4997
3622
21059
2968
949
25111
20420
14606
4452
30220
30174
14974
15817
9257
28209
5892
7758
16888
488
22717
18992
21453
26296
7189
1497
2810
24473
18382
18429
31416
11587
14799
29814
12240
2663
29874
26848
5900
12210
6667
14068
24161
7043
15737
10405
15577
6502
23663
27132
19778
17752
1728
29876
26521
1722
1004
6549
9523
16145
300
17297
31665
10371
5183
20640
6817
8209
7923
7259
30708
22421
24434
6234
14116
11131
14674
3663
22306
6207
858
26591
21248
2986
26133
6212
8547
3532
5913
931
16038
32184
32020
46
11727
24066
2203
19705
7218
27897
19891
6813
5095
1189
10779
399
26861
32383
1119
574
19739
5875
28574
27374
14026
3222
16406
16215
1604
30503
23668
32252
5611
4679
22493
24397
8489
30712
8380
27260
11803
1751
20554
31775
26109
28697
26334
6794
2132
10567
250
13290
25821
15801
20753
8738
2104
15316
27162
4197
1876
14851
9941
7832
5529
12150
14816
24165
20952
7325
12921
1567
30196
16227
528
30040
21837
20267
20116
26436
22000
31883
7546
28364
20607
12491
9101
6258
737
18716
17785
19943
426
18840
5397
22382
21577
17406
22387
5870
10228
28201
24489
22746
17748
9301
19038
22209
13552
21266
26132
18356
15962
1284
21559
6747
11803
4192
12009
13526
3678
8230
16267
22101
15968
5406
4619
30326
5267
31381
28912
15970
30613
2772
5671
30629
6612
32613
7307
3281
17405
10501
32309
30674
23081
2920
11145
14864
1991
30895
1789
14919
15943
26793
20904
9254
29323
1997
21647
9641
17678
14836
21166
9782
210
3286
4040
21370
7435
22091
30702
8193
11661
31293
13266
3991
28150
5232
13769
28002
21403
497
2977
18364
21044
1631
297
19922
16198
2269
24441
27390
84
9426
21765
15332
28612
2663
21093
14670
9363
27326
26594
13512
2232
27635
28608
763
27225
24787
4430
28618
29616
16479
26798
22574
13756
6399
24420
1490
12711
31622
417
10349
3322
6633
23629
2275
23683
5567
12247
21019
12802
14968
956
2974
22678
8029
26328
8693
27626
27979
26736
6335
13855
17455
5627
17044
119
31808
2483
6813
17095
16128
21984
7151
23963
13296
22751
12972
19238
15638
17909
8920
29424
32559
28374
252
3134
12724
6643
6269
15168
29327
29063
23481
21757
6554
22368
14823
30207
18396
10605
30379
22462
11906
17164
24444
4301
18847
18194
31414
11206
2723
32407
3198
16631
11933
22662
3418
32457
15408
21992
28300
19700
25943
28395
18481
30309
18648
15541
19742
1514
20361
29675
8310
16803
8518
31743
26891
28969
28078
12093
15994
23163
1184
3989
19461
8621
31352
31782
17710
30543
21513
13199
2073
16798
30298
12020
2463
11373
22049
8658
26417
19409
8961
10883
14963
15759
27266
32656
2708
30022
28372
9658
30575
8028
11587
31431
31331
18090
20602
8461
22771
10471
2680
6080
9500
26069
4690
3067
26490
29997
16813
11919
20249
3915
3578
6799
796
29850
22896
6296
29200
16317
22475
19169
15117
11907
710
3590
3218
3464
23129
6804
5406
12970
27826
13139
24974
12850
25077
27735
17722
15039
1972
22213
10190
17394
6189
7526
21736
31707
14662
24045
10614
7974
28489
19208
15053
10245
32607
25385
21386
32733
32206
18449
25129
8112
1010
801
13671
19277
18941
16992
8791
21305
8302
23115
28742
2396
1362
6240
9808
21611
20798
12905
5823
3609
14344
24201
17447
6141
6472
24583
31810
21313
23697
5342
17548
26384
21871
20480
29854
445
27424
3182
6731
180
19
17657
892
11041
21794
31957
2507
27490
25742
17635
31714
13101
28862
18875
16530
30337
17079
13947
4018
26958
21594
30801
23742
27619
25185
11978
20267
21019
8728
21721
25739
28999
5851
28327
6245
8410
17235
18462
11730
6615
12911
4147
30424
24827
5156
23798
13702
10154
27109
25690
29395
20378
32481
30149
26423
32065
10240
86
20743
25855
1947
12794
21649
16140
20733
31534
16891
3615
18334
913
23772
9443
30233
23345
407
5659
22771
29842
17532
31631
30986
13181
26269
16318
12766
7311
15472
22082
8067
29053
25129
3841
28770
17960
22997
28696
5811
23140
28470
17032
5563
17544
32098
15774
26309
14517
29210
32036
12769
30951
10987
11850
22111
14781
2054
8017
32521
2056
20704
7677
15908
31509
18058
20664
27941
16315
32717
30342
19508
18467
27405
14764
7521
11354
4571
288
14249
1944
31319
27823
19879
24142
16971
26609
25626
22769
20489
32749
13338
24457
13568
26507
29977
25080
7713
22205
19100
22795
28148
12396
20919
19522
23672
6948
2634
26719
14527
30848
6142
29361
10310
26452
5885
9501
21
15516
116
16113
5019
7975
23241
22120
5447
12803
12700
14077
25830
31143
4479
22640
26560
26595
886
15001
18032
14984
17453
12784
11399
6359
13052
28888
26080
7082
13467
22958
30145
11364
1444
26005
950
26266
14542
11263
14894
26750
23779
22268
29394
15888
1670
4163
19625
21251
14759
13057
2029
6000
28354
20067
17322
17212
12250
17637
31004
25674
2361
5208
20678
9057
18916
4790
11602
27612
20448
11174
2092
25108
23592
27341
31708
21646
10857
24282
6183
5091
18563
8528
23525
23923
27072
3858
28833
17609
12754
32176
1011
18380
13199
31092
23196
31147
8043
22570
31078
28806
23993
11443
32697
25053
4257
26441
4093
6585
14816
11919
25011
14492
67
15712
22867
25641
20705
20820
16867
22164
22555
30226
1116
30920
3668
14680
30908
29529
21617
5067
11498
25136
23567
4735
15694
5872
22407
3398
6956
5674
11683
30137
23749
15174
11549
2824
29484
12076
31707
32385
25065
7605
15853
21729
21583
21973
12354
4190
11421
16516
13102
28528
26839
23153
156
19555
31074
7270
2578
27038
25954
32377
14954
14001
22740
504
5962
23072
30826
28178
32360
3057
5930
11077
31359
3319
10693
27020
27664
18141
5048
32068
473
24817
10788
7906
15638
21942
2158
31063
32122
21800
4758
13118
20716
32717
16728
24267
770
18048
5125
31860
10302
31485
17438
31836
8459
23851
5813
27268
20597
12589
26500
12721
684
10791
18890
8475
16183
13776
23273
8410
759
29884
8897
16656
7651
27495
7626
4055
12413
14337
19700
25065
1303
22779
26430
31250
16583
20566
2328
15190
10283
12198
32121
20962
29661
22760
31936
32435
28853
9
32076
29192
26561
14642
29146
24713
2565
8149
4513
16180
23539
25209
1583
21003
23721
16197
6914
31103
25837
15694
19173
27290
31209
11936
18192
15855
4006
18190
21503
323
30537
21434
6158
14329
29968
24419
14297
30270
14860
20337
23638
761
15772
17858
32431
11376
12973
21298
5600
15290
5299
18157
533
13032
2150
9844
20929
16882
3133
6768
15486
7779
13483
23610
28584
10692
28700
28710
2231
4810
3758
14483
22880
23870
2480
11699
20843
31920
18139
17947
10835
28123
21330
23561
12447
31447
21083
7033
18179
5633
7131
17638
32565
30634
18067
20704
25744
27266
6685
16467
21612
29379
9380
9617
56
15389
28774
12836
30044
31332
5355
21846
18128
10492
8195
14204
13436
21760
4737
7687
27726
24117
27832
1097
16669
23218
1721
29958
29505
2379
12363
28866
26350
32450
21671
27845
25685
31148
7672
14062
15737
2340
21653
19005
30161
29235
30204
24606
18339
32763
16270
19062
8987
10918
10509
25199
814
16656
2773
6148
13361
310
27613
28235
26679
19294
13165
28805
13615
23556
15005
27623
22714
14472
31121
31270
24014
15001
19574
10437
12
26207
3131
18718
26849
30571
30480
13618
8798
20575
9375
5424
23512
14685
525
29127
23615
6448
4527
7979
15935
5437
27276
19689
21016
17447
13207
18027
16702
24389
5801
12363
20400
7877
26432
20056
22296
11421
30970
7785
22440
23093
25039
21476
15023
1237
9233
12
8957
21712
31781
29455
26364
17262
19967
8651
4235
5019
28255
7268
32409
10576
17357
24966
1158
27589
31573
6779
9017
7763
19715
3052
14337
23595
3101
18294
15661
8889
32547
27124
30826
5846
15239
29319
13023
28848
300
32357
22282
14969
20897
30055
4184
19922
16154
29520
18567
15350
12082
31198
7868
3239
3427
14227
13411
32728
10561
28480
27594
15903
15481
19542
29821
9177
21645
12268
16735
4890
7245
17040
17549
30812
16660
22222
3314
28131
28616
26753
8618
10737
9615
17628
14104
9135
20562
10038
6598
6870
31474
22170
27391
28192
333
4106
2862
27762
2031
18839
19957
3270
13208
6690
21517
14554
23666
20975
9952
5786
14607
4079
29160
31822
15652
24522
30149
31619
10247
11438
4385
11963
32490
5338
31556
13780
28373
27113
3190
3384
21093
27103
12312
11210
22342
31989
23681
5004
32625
1060
11417
16656
31270
1139
30520
9636
4265
15105
60
6205
8892
26066
8044
26911
28383
19801
30992
1106
8778
23241
9292
20165
27815
18204
23360
10814
5008
12000
4321
19465
16843
5828
2198
21085
3655
11494
19346
17548
30421
21210
6132
27123
19112
15482
9632
9116
16523
12144
23771
13491
13540
12164
23209
9647
19308
9126
24294
11836
28844
16315
39
20970
30518
16168
16718
7064
19625
15391
25839
9118
610
12204
6758
19645
9730
26238
24756
25544
9636
30326
15134
3599
15323
241
4996
12942
8046
19926
26242
18906
29395
2910
5448
16583
12140
16038
31033
23002
2179
12534
5446
14706
519
26063
265
2229
14084
26038
27041
23355
3044
27075
17488
17277
18535
13288
3798
16892
21860
8194
14731
31537
6717
14754
5950
24632
13859
25240
28368
13883
4367
22083
2704
10399
123
5531
24917
20977
31716
2043
13662
26511
7425
23727
17642
29718
26560
31042
26774
19599
5637
132
15225
11352
25378
15965
10496
9172
4884
1109
31883
17874
12675
17119
20164
16318
17528
27497
27843
18570
28380
26404
5348
4698
16052
11923
9571
10994
8990
19925
6332
30432
17931
25011
27588
13160
17850
22889
18823
11060
2552
2357
6369
2488
12569
22944
18395
31079
20660
8079
28875
30871
1570
26889
13610
4404
4789
19142
27187
24360
32697
31355
29505
4486
1580
16871
26086
21113
13884
5789
21450
16879
6789
25232
22090
28421
21255
18784
14284
31793
25577
30311
22244
23089
13295
16258
7976
17847
30396
10399
13267
29649
32457
5131
10268
6426
13089
11129
24916
14243
9442
19921
32450
24479
116
3519
25406
20176
22150
3318
15504
6837
30925
16456
9350
20848
26236
26727
14295
15737
1154
19320
16059
14341
7558
31581
17222
13876
26019
13503
12680
31997
32227
8926
23910
10201
13181
5144
2615
28210
30414
27451
20510
21386
17945
22922
31530
11884
2047
11665
16430
12819
4540
17065
25441
26331
21799
23881
11446
15723
29288
19
17914
10400
10614
1434
24239
27192
26456
2805
12714
32323
27415
30469
18542
20810
16005
10885
6215
11580
32433
9430
21798
2332
12325
10632
5696
10093
6886
12968
10341
12121
27177
15308
10784
11427
3029
12767
19860
8786
3005
5037
23569
7195
26265
3886
22393
27275
4297
10130
21845
30201
11466
12304
28598
21550
11636
10095
26573
3280
24569
16465
22090
14483
6558
8770
1397
26400
1335
12164
20749
30657
19555
23448
10212
20689
6284
24204
2870
8677
10141
20744
10189
7354
28802
32022
25815
20702
4961
28596
1155
5663
4506
5915
12893
12724
2431
31182
7023
8748
29139
21089
27667
15898
4356
7182
20377
4478
11304
23545
19870
9714
10681
13119
8487
8601
9233
1473
25984
26823
10148
16817
13527
11888
6399
5089
5271
8018
32388
5318
19334
5090
10722
14927
32157
29944
32087
6760
10667
16185
18597
19020
25768
20808
31189
26255
28378
28844
7599
4071
32426
12671
27636
26814
23875
11484
23394
24440
12528
12806
31077
20868
4402
24152
413
21284
16548
18417
28947
10237
10383
10011
4411
14430
29261
10880
13993
3920
23134
25099
12179
11618
6476
27807
7691
15409
32319
21627
14841
28345
5982
18024
14042
6751
1004
4007
18746
21690
19487
3742
2034
8741
23232
572
9506
261
29828
25649
15085
24027
18732
14800
10231
15368
31326
1983
14240
8035
13377
21604
4605
637
13276
25871
12186
26031
22316
8679
19698
17128
4871
19606
6571
29240
27315
30132
8082
19227
17733
23796
7513
3718
15547
10257
20754
26035
17113
7286
28266
429
14276
18352
15526
10139
20063
17044
6239
13772
23145
31536
21757
28038
25683
12658
14837
3470
7906
4762
6082
2423
6793
8033
12452
27051
21124
18662
28955
8251
28596
28765
13346
24166
23870
13686
3884
14059
2786
16271
25056
6414
31003
28057
9619
28780
27387
6346
14473
30080
22981
22023
8428
31473
1608
25104
904
17313
17406
9321
19020
11638
23016
29964
13953
15590
5415
4304
23239
21829
26970
26775
14548
10702
15035
14138
32492
13171
11768
2614
8480
14180
6611
10515
19014
10849
30328
1944
24764
31936
26273
11952
6876
6974
13932
18458
24381
12421
27639
14548
27823
29569
17857
30277
1525
3683
17088
557
7488
27249
4162
14669
15216
27796
31108
24789
7946
28320
13588
7826
20215
353
11238
18388
7426
17257
5689
13088
21519
22684
2599
30875
3612
20088
22543
19761
28153
31013
20643
25736
14535
5440
20688
1448
2866
14951
12113
15974
9838
27268
26641
24981
4339
18906
8517
15340
1783
19409
26182
11190
30383
24706
13359
1852
1094
28416
13370
32242
20890
10348
16347
24676
1465
32695
2714
31454
20510
21046
3505
28382
25515
3303
4457
14139
9574
23173
28725
17169
2804
9805
28555
21363
25814
32654
19078
2000
4197
10739
19005
17697
19854
26257
2017
25560
13390
16815
13464
20617
1516
29015
797
2901
22010
4256
3860
12826
18185
17337
24110
347
22319
4278
22273
30705
30778
31002
18852
2415
28593
8232
26126
2902
14990
2538
15404
18685
28862
16126
8644
27199
25684
24868
6668
6370
30865
31879
6921
4298
27796
8654
19625
1762
5601
5346
7583
4805
18068
7294
18946
1840
23393
15992
12197
25897
11603
29905
3124
21995
25408
10110
275
22424
24334
30451
30966
2205
17065
9077
19264
15844
18624
7453
14621
20413
27970
2219
8286
18826
8603
17680
23
26668
2223
15801
11002
4913
30355
5533
17266
15546
12302
30469
23935
21550
9682
5150
25172
14240
10106
9280
4530
20480
19011
27132
15618
17413
32650
3560
6197
28118
5897
23082
15452
32635
10449
8901
14342
519
8967
26278
18781
7041
30558
30061
7680
18327
9304
9725
13470
28417
5692
27074
15446
2486
7126
18629
3537
14290
27377
4721
6685
32066
28821
20258
27464
3125
26881
15987
4801
19010
31591
28228
8558
31833
21866
13965
1420
17771
600
9702
27211
25561
31271
10962
29989
22942
9265
1487
32002
27451
18863
20510
5901
8550
13303
9042
5460
14705
29301
11675
21282
12411
1131
16080
27420
21850
25192
6718
13086
3396
9097
6451
6611
14144
14963
27208
16918
23119
1548
31090
30732
2649
12796
19656
23550
12249
8934
25105
24311
7752
27238
22805
27937
9546
32459
30368
25056
2203
12945
19542
8619
2744
10149
4410
30127
30285
14936
30461
1314
21089
8223
2054
2151
11588
13840
23109
4582
10804
15132
8888
2217
15825
29197
30138
12471
17735
26430
16398
23857
25653
22046
17583
10286
21856
27235
11093
19542
6681
22797
27591
31808
13422
3361
8676
21388
22547
25634
5743
15808
15886
13904
2205
28387
1830
9888
1120
18907
22793
30334
20849
20615
8768
22853
18208
31132
12499
890
4315
2112
1979
29132
12160
16744
7948
9164
17250
6898
31455
18028
27421
16514
17665
2617
17178
2589
21853
8536
20961
16518
21801
8514
27938
19291
26835
17471
25473
9455
3242
18084
30501
12262
4173
23500
29951
19091
23764
30423
29914
15378
29120
25381
3623
22308
17571
26768
3462
28365
28558
30573
30484
30895
23103
6210
24951
31013
18951
6980
30122
5407
1149
17303
8073
26048
28901
27204
15132
27065
25693
21753
19107
12387
1229
15492
358
6815
28300
16142
12089
19821
2259
14871
22737
12879
13538
18485
2250
8540
17396
24204
9588
4387
24548
17932
22369
26693
21147
27758
19631
19664
22593
18668
25878
3421
26655
20675
4784
32746
8278
14185
31627
29301
16450
30350
10224
2397
23979
22997
18802
10104
16561
2639
26293
15347
4726
21947
30724
4589
19081
11648
16528
32211
1813
6502
28809
1145
15310
6680
23519
22525
25495
14170
20949
18012
8435
13834
24906
30161
31026
12760
5575
2801
5720
5829
31047
5256
15308
13917
26314
22833
22981
29875
31128
25271
27508
18721
9558
25391
3057
3772
17098
20433
28136
24730
7533
19867
8704
32195
19894
19364
22542
28920
27681
26433
1790
30758
26881
30169
10109
26536
5387
20616
28008
1344
9886
15734
11252
5843
18387
4854
20642
8424
31049
28766
8416
4319
21933
10409
9855
20209
524
15053
30425
29675
22232
29661
16574
7850
3516
5855
19747
9557
31
9835
24201
7773
17018
11272
6958
32054
10330
6470
28150
16082
32052
7835
2584
25058
32236
5118
32137
9931
24356
20293
32296
21354
27717
1087
23982
30344
2894
2705
20564
26396
12639
9553
29249
31555
5124
10340
14266
13056
9027
6040
13320
21171
6244
7040
25384
10587
9603
26643
25141
32395
4566
28931
17046
25645
20159
2015
25575
26618
20881
16359
168
24757
15906
13235
22952
21290
11797
2178
11311
10986
8420
19299
24302
17091
24751
1030
4519
30978
26568
6495
31644
19304
4859
25600
17593
14060
11422
2611
17793
22326
7259
474
22969
472
18368
21512
12757
22858
28547
32347
20262
5036
5526
3615
5825
28986
14319
20772
10031
7822
27669
14427
23766
32409
10089
18483
12586
6240
16442
12982
24723
9334
29574
30562
797
30269
31633
9416
994
15579
808
6118
9015
22526
434
21829
28569
15440
19451
22483
24917
9145
26048
29054
1275
1368
24570
6549
24704
4415
20459
17630
32566
11248
10986
9078
20588
9627
4845
24684
17636
10517
24539
16156
22265
7832
29071
12877
27021
32317
5804
18698
10676
20026
5155
3393
24354
18651
6533
12317
22357
26178
11785
8227
22401
17886
25181
25870
16704
13228
21293
23915
22006
17712
18548
14836
17669
18994
32133
21166
28854
3385
24024
12737
5602
8137
17045
28699
16996
11867
31970
16323
17983
6176
14573
16381
2958
18038
1464
30499
303
39
3496
3646
1070
13412
19403
10855
29683
31108
18924
32736
23852
15228
13145
31473
26488
22045
18543
6788
29144
5905
32490
22656
2518
25491
23278
15333
10611
32241
19668
28844
26578
9923
8118
348
2213
5609
17593
3692
5723
1862
1821
8028
29446
22334
29958
27026
3086
27376
2311
10485
7320
24627
24691
26187
10932
16722
2660
18259
11080
14472
15240
17570
30912
32570
29359
24894
2163
1270
23061
16380
2772
2607
29039
12953
25181
10934
19639
7835
7483
5112
29623
21477
23994
25338
11863
12573
23919
26133
18855
12734
30503
15985
8620
16892
25490
7490
31723
29787
5295
6341
32439
29965
23543
21753
20793
22288
18249
31774
12356
5892
24728
17135
982
28621
15446
29854
16749
23789
671
17043
10000
26270
24358
21477
6936
5042
992
20628
15555
7467
10866
25741
29047
16282
16475
30299
31446
17976
10721
3500
24965
11206
18365
9611
16572
27940
11142
26199
16013
27059
9950
902
15605
28012
8542
14620
4005
16573
24898
9449
17037
23079
13012
30597
15661
3481
6809
14604
20123
21897
32318
7578
28243
4568
28737
9605
15809
22627
2656
1373
5776
13160
706
4516
12720
27039
26598
10830
13098
11284
12111
25079
9891
17862
748
23782
14513
10498
31049
9158
14561
30332
9336
26142
12420
23090
9149
26773
6718
23041
9212
6888
1612
29188
31459
4519
14232
6832
18647
24499
1406
5296
19872
2935
3676
5761
23507
7145
1756
14285
5891
31039
12801
13961
26791
7538
19954
29133
22473
20596
393
13942
12148
27696
5787
14718
8155
25669
3334
23574
17993
3458
21115
5512
18380
24865
11024
7888
27297
14276
5765
15348
23134
14385
15954
16167
738
30156
14453
8609
11772
31448
11004
20027
20446
14957
7252
31182
11840
9784
31824
9546
20052
25589
12793
9621
21869
24237
14872
19753
18541
12208
8836
4972
22003
6994
28204
21966
5954
7525
11747
3749
29680
16762
23022
7624
5203
17110
14415
32493
3755
12342
23503
2499
15119
3907
1998
6094
23065
15315
1227
11270
31312
32486
12721
30767
18522
6491
24039
23543
13790
15989
14357
14801
9018
14866
23992
15764
30698
16037
22372
28882
21939
5880
3548
14585
21139
14244
980
6956
25960
27723
24704
25055
29026
7324
5860
52
7210
25860
13787
20249
23247
32564
11492
30
24949
13912
4528
25111
25020
25361
12908
21366
17393
11062
206
32357
18167
335
8673
15014
13044
8141
11921
12587
2747
31755
28918
7540
26620
27909
10849
18604
28205
474
11815
6787
55
17411
23856
23498
9441
24913
20030
1744
17917
31144
12029
16766
13908
3198
10703
23860
10835
16913
23638
30818
3954
3179
10942
7655
28264
23574
31695
32297
17424
25759
10678
7673
32025
11469
13198
5924
113
26271
31665
18136
29807
19206
7874
1469
10946
30055
12150
17871
24349
31439
25381
12797
13472
14580
31508
11139
7685
6383
30335
16648
7311
16827
22889
31607
435
30317
5156
7325
8067
7217
22432
11143
5086
9224
25203
27289
6745
21571
4780
4974
4332
11711
18519
29811
7004
26846
25808
19523
4460
17992
29384
32448
9155
12134
17177
32757
25500
25243
2633
4270
6448
10048
19168
10453
5347
17766
6250
11147
26416
15691
32587
16650
11094
31384
7493
29245
20672
32608
14026
25116
3893
17113
21763
16585
29124
16344
14492
21612
9325
28430
11606
13263
28815
10501
2634
3768
5142
11224
27390
8202
24416
16565
27945
9626
17908
15636
32582
31186
19938
23476
3035
11016
2551
10586
3462
11420
2729
329
22476
32212
29117
21888
8353
25207
5306
16054
5815
2347
23054
4118
4231
15246
15617
27322
8224
29719
9309
3305
6066
30123
30682
22801
19161
16639
8268
20611
6315
944
24203
32240
2688
23843
9510
2983
4996
5406
24774
396
15614
8227
23396
26328
19293
3472
9770
17298
10247
15224
13866
15825
7138
27711
8129
20142
9886
6648
7369
19211
32457
9086
18818
15367
1680
12116
17470
17213
16726
24637
7118
1727
5623
14234
14511
24789
27097
16776
11509
20341
24759
26294
5875
24450
19756
6
687
4037
7681
2027
30217
26540
21560
1405
5029
15813
19925
3420
157
27128
29039
29771
30952
24455
1658
3976
16009
27335
18001
7917
20343
3739
29190
15559
3664
15797
30954
28537
18876
27532
31707
14545
20130
12573
14672
16165
28941
353
11813
27702
14301
10641
30503
7617
5934
6428
16223
17380
25992
11620
18207
2359
30667
32060
20430
24742
4056
24611
30835
5392
2560
11581
22274
13985
29997
28181
23145
495
466